DATE;SBC1;SBC2;SBC3;SBC4;INSIDE1;INSIDE2;OUTSIDE
2019-08-30 08:34:19;41.000;43.000;43.000;44.000;30.125;28.062;21.812
2019-08-30 08:34:39;41.000;43.000;44.000;45.000;30.125;28.062;21.812
2019-08-30 08:34:57;42.000;44.000;44.000;45.000;30.188;28.062;21.875
2019-08-30 08:35:16;42.000;45.000;45.000;45.000;30.188;28.125;21.875
2019-08-30 08:35:34;42.000;45.000;45.000;45.000;30.250;28.125;21.875
2019-08-30 08:35:53;43.000;45.000;46.000;46.000;30.250;28.125;21.938
2019-08-30 08:36:11;43.000;46.000;46.000;46.000;30.312;28.188;21.875
2019-08-30 08:36:28;43.000;46.000;47.000;46.000;30.375;28.188;21.875
2019-08-30 08:36:45;43.000;46.000;47.000;47.000;30.438;28.250;21.875
2019-08-30 08:37:01;44.000;47.000;47.000;47.000;30.438;28.250;21.875
2019-08-30 08:37:17;44.000;47.000;47.000;47.000;30.500;28.312;21.875
2019-08-30 08:37:34;45.000;47.000;48.000;47.000;30.562;28.312;21.875
2019-08-30 08:37:50;45.000;47.000;48.000;47.000;30.625;28.375;21.938
2019-08-30 08:38:06;45.000;47.000;48.000;47.000;30.688;28.375;21.875
2019-08-30 08:38:22;45.000;48.000;48.000;47.000;30.812;28.438;21.812
2019-08-30 08:38:39;45.000;48.000;49.000;48.000;30.812;28.500;21.875
2019-08-30 08:38:55;45.000;48.000;49.000;48.000;30.875;28.500;21.812
2019-08-30 08:39:12;46.000;48.000;49.000;48.000;30.938;28.562;21.875
2019-08-30 08:39:28;46.000;48.000;48.000;48.000;31.000;28.625;21.875
2019-08-30 08:39:44;46.000;49.000;48.000;48.000;31.062;28.625;21.875
2019-08-30 08:40:00;47.000;49.000;48.000;48.000;31.125;28.688;21.875
2019-08-30 08:40:17;47.000;49.000;49.000;49.000;31.188;28.750;21.875
2019-08-30 08:40:33;47.000;49.000;49.000;49.000;31.250;28.750;21.875
2019-08-30 08:40:49;47.000;49.000;50.000;49.000;31.312;28.812;21.875
2019-08-30 08:41:06;47.000;50.000;50.000;49.000;31.375;28.812;21.875
2019-08-30 08:41:22;47.000;50.000;50.000;49.000;31.500;28.875;21.875
2019-08-30 08:41:39;47.000;50.000;50.000;50.000;31.562;28.938;21.875
2019-08-30 08:41:55;47.000;50.000;50.000;50.000;31.562;29.000;21.875
2019-08-30 08:42:12;48.000;51.000;50.000;50.000;31.688;29.000;21.812
2019-08-30 08:42:28;48.000;51.000;50.000;50.000;31.688;29.062;21.812
2019-08-30 08:42:44;48.000;51.000;51.000;50.000;31.812;29.125;21.812
2019-08-30 08:43:00;49.000;51.000;51.000;50.000;31.875;29.125;21.875
2019-08-30 08:43:17;49.000;51.000;51.000;50.000;31.938;29.188;21.812
2019-08-30 08:43:33;49.000;52.000;52.000;50.000;32.000;29.250;21.875
2019-08-30 08:43:50;49.000;52.000;52.000;50.000;32.062;29.312;21.875
2019-08-30 08:44:06;49.000;52.000;52.000;50.000;32.125;29.312;21.875
2019-08-30 08:44:22;49.000;52.000;52.000;50.000;32.250;29.375;21.875
2019-08-30 08:44:39;49.000;52.000;52.000;51.000;32.312;29.438;22.000
2019-08-30 08:44:55;49.000;53.000;52.000;51.000;32.375;29.438;22.000
2019-08-30 08:45:11;49.000;53.000;52.000;51.000;32.438;29.500;22.000
2019-08-30 08:45:28;50.000;53.000;52.000;52.000;32.500;29.500;22.062
2019-08-30 08:45:44;50.000;53.000;52.000;52.000;32.562;29.562;22.062
2019-08-30 08:46:00;50.000;53.000;53.000;52.000;32.625;29.625;22.000
2019-08-30 08:46:17;51.000;54.000;54.000;52.000;32.688;29.688;22.000
2019-08-30 08:46:33;51.000;54.000;54.000;52.000;32.750;29.688;22.000
2019-08-30 08:46:49;51.000;54.000;54.000;52.000;32.812;29.750;22.062
2019-08-30 08:47:06;51.000;54.000;54.000;52.000;32.875;29.812;22.062
2019-08-30 08:47:22;51.000;54.000;54.000;52.000;32.938;29.875;22.062
2019-08-30 08:47:38;51.000;54.000;54.000;52.000;33.000;29.875;22.062
2019-08-30 08:47:55;51.000;54.000;54.000;52.000;33.062;30.000;22.062
2019-08-30 08:48:11;51.000;54.000;54.000;52.000;33.125;30.000;22.062
2019-08-30 08:48:28;51.000;54.000;54.000;52.000;33.188;30.000;22.125
2019-08-30 08:48:44;52.000;54.000;54.000;53.000;33.250;30.062;22.125
2019-08-30 08:49:00;52.000;54.000;54.000;53.000;33.312;30.125;22.125
2019-08-30 08:49:16;52.000;54.000;55.000;53.000;33.375;30.188;22.125
2019-08-30 08:49:32;52.000;54.000;55.000;53.000;33.438;30.188;22.188
2019-08-30 08:49:49;52.000;54.000;55.000;53.000;33.438;30.250;22.188
2019-08-30 08:50:05;52.000;55.000;55.000;53.000;33.500;30.312;22.250
2019-08-30 08:50:22;52.000;55.000;55.000;54.000;33.562;30.312;22.188
2019-08-30 08:50:38;52.000;55.000;55.000;54.000;33.625;30.438;22.125
2019-08-30 08:50:54;52.000;55.000;55.000;54.000;33.688;30.438;22.125
2019-08-30 08:51:11;52.000;55.000;56.000;54.000;33.750;30.438;22.062
2019-08-30 08:51:27;52.000;55.000;56.000;54.000;33.812;30.500;22.062
2019-08-30 08:51:43;52.000;55.000;56.000;54.000;33.875;30.562;22.062
2019-08-30 08:51:59;53.000;55.000;56.000;54.000;33.938;30.562;22.000
2019-08-30 08:52:16;53.000;55.000;56.000;54.000;33.938;30.625;21.938
2019-08-30 08:52:33;53.000;55.000;56.000;54.000;34.000;30.688;22.000
2019-08-30 08:52:49;53.000;55.000;56.000;54.000;34.062;30.688;22.000
2019-08-30 08:53:05;53.000;55.000;56.000;54.000;34.125;30.750;21.938
2019-08-30 08:53:22;53.000;56.000;56.000;54.000;34.188;30.750;22.000
2019-08-30 08:53:38;53.000;56.000;56.000;54.000;34.188;30.875;22.000
2019-08-30 08:53:54;53.000;56.000;56.000;54.000;34.250;30.875;22.000
2019-08-30 08:54:11;53.000;56.000;56.000;54.000;34.312;30.875;22.000
2019-08-30 08:54:27;53.000;56.000;57.000;54.000;34.375;30.938;22.000
2019-08-30 08:54:43;53.000;56.000;57.000;54.000;34.438;30.938;22.062
2019-08-30 08:55:00;53.000;57.000;57.000;55.000;34.438;31.000;22.062
2019-08-30 08:55:16;53.000;57.000;57.000;54.000;34.562;31.062;22.000
2019-08-30 08:55:32;53.000;57.000;57.000;55.000;34.562;31.125;22.000
2019-08-30 08:55:49;53.000;57.000;57.000;55.000;34.625;31.188;22.000
2019-08-30 08:56:05;53.000;57.000;57.000;55.000;34.688;31.188;21.938
2019-08-30 08:56:22;53.000;57.000;57.000;55.000;34.750;31.250;22.000
2019-08-30 08:56:38;53.000;57.000;57.000;55.000;34.750;31.250;21.938
2019-08-30 08:56:55;54.000;57.000;57.000;55.000;34.812;31.312;22.000
2019-08-30 08:57:11;54.000;57.000;58.000;55.000;34.875;31.375;22.000
2019-08-30 08:57:27;54.000;57.000;58.000;55.000;34.938;31.375;22.000
2019-08-30 08:57:44;54.000;57.000;58.000;55.000;35.000;31.438;22.000
2019-08-30 08:58:00;54.000;57.000;58.000;55.000;35.000;31.438;22.000
2019-08-30 08:58:16;54.000;57.000;58.000;56.000;35.000;31.500;22.000
2019-08-30 08:58:33;54.000;57.000;58.000;56.000;35.062;31.562;22.000
2019-08-30 08:58:49;55.000;57.000;58.000;56.000;35.062;31.562;21.938
2019-08-30 08:59:05;55.000;58.000;58.000;56.000;35.125;31.562;21.938
2019-08-30 08:59:22;55.000;58.000;58.000;56.000;35.188;31.625;21.938
2019-08-30 08:59:38;55.000;58.000;58.000;56.000;35.250;31.625;22.000
2019-08-30 08:59:54;55.000;58.000;59.000;56.000;35.250;31.688;21.938
2019-08-30 09:00:11;55.000;58.000;59.000;56.000;35.312;31.750;22.000
2019-08-30 09:00:27;55.000;58.000;59.000;56.000;35.375;31.750;21.938
2019-08-30 09:00:43;55.000;58.000;59.000;56.000;35.375;31.812;22.000
2019-08-30 09:01:00;55.000;58.000;59.000;56.000;35.500;31.875;21.938
2019-08-30 09:01:16;55.000;58.000;59.000;56.000;35.500;31.812;22.000
2019-08-30 09:01:32;55.000;58.000;59.000;56.000;35.562;31.875;22.000
2019-08-30 09:01:49;55.000;58.000;59.000;56.000;35.562;31.938;22.000
2019-08-30 09:02:05;55.000;58.000;59.000;56.000;35.562;32.000;22.000
2019-08-30 09:02:21;55.000;58.000;59.000;56.000;35.625;32.000;21.938
2019-08-30 09:02:38;55.000;59.000;59.000;56.000;35.688;32.000;22.000
2019-08-30 09:02:54;55.000;58.000;59.000;56.000;35.750;32.062;22.000
2019-08-30 09:03:11;55.000;59.000;59.000;56.000;35.812;32.062;21.938
2019-08-30 09:03:27;55.000;59.000;59.000;56.000;35.812;32.125;21.938
2019-08-30 09:03:43;55.000;59.000;59.000;56.000;35.750;32.188;21.938
2019-08-30 09:04:00;55.000;59.000;60.000;56.000;35.875;32.188;22.000
2019-08-30 09:04:16;55.000;59.000;60.000;57.000;35.938;32.188;21.938
2019-08-30 09:04:33;55.000;59.000;60.000;57.000;35.938;32.250;22.000
2019-08-30 09:04:49;56.000;59.000;60.000;57.000;36.000;32.250;22.062
2019-08-30 09:05:05;56.000;59.000;60.000;57.000;36.062;32.312;22.000
2019-08-30 09:05:22;56.000;59.000;60.000;57.000;36.000;32.312;22.000
2019-08-30 09:05:38;56.000;59.000;60.000;57.000;36.062;32.375;21.938
2019-08-30 09:05:54;56.000;59.000;60.000;57.000;36.062;32.438;22.000
2019-08-30 09:06:10;56.000;59.000;60.000;57.000;36.062;32.438;21.938
2019-08-30 09:06:26;56.000;59.000;60.000;57.000;36.125;32.500;21.938
2019-08-30 09:06:43;56.000;59.000;60.000;57.000;36.188;32.500;22.000
2019-08-30 09:06:59;56.000;59.000;60.000;57.000;36.188;32.500;22.000
2019-08-30 09:07:15;56.000;59.000;60.000;57.000;36.250;32.562;22.000
2019-08-30 09:07:32;56.000;59.000;60.000;57.000;36.250;32.562;22.000
2019-08-30 09:07:48;56.000;60.000;60.000;57.000;36.312;32.625;22.062
2019-08-30 09:08:04;56.000;60.000;60.000;57.000;36.375;32.625;22.000
2019-08-30 09:08:21;56.000;59.000;60.000;57.000;36.375;32.625;22.062
2019-08-30 09:08:37;56.000;60.000;60.000;57.000;36.375;32.688;22.000
2019-08-30 09:08:54;57.000;60.000;60.000;57.000;36.438;32.688;22.000
2019-08-30 09:09:10;57.000;60.000;60.000;57.000;36.500;32.750;22.000
2019-08-30 09:09:26;57.000;60.000;60.000;58.000;36.562;32.750;22.000
2019-08-30 09:09:43;57.000;60.000;60.000;58.000;36.562;32.812;21.938
2019-08-30 09:10:00;57.000;60.000;61.000;58.000;36.625;32.812;21.938
2019-08-30 09:10:16;57.000;60.000;61.000;58.000;36.750;32.812;21.938
2019-08-30 09:10:33;57.000;60.000;60.000;58.000;36.812;32.812;21.938
2019-08-30 09:10:49;57.000;60.000;61.000;58.000;36.812;32.875;21.938
2019-08-30 09:11:06;57.000;60.000;60.000;58.000;36.750;32.938;22.000
2019-08-30 09:11:22;57.000;60.000;61.000;58.000;36.750;33.000;22.000
2019-08-30 09:11:38;57.000;60.000;61.000;58.000;36.812;33.000;22.062
2019-08-30 09:11:55;57.000;60.000;61.000;58.000;36.812;33.000;22.062
2019-08-30 09:12:11;57.000;60.000;61.000;58.000;36.812;33.062;22.000
2019-08-30 09:12:27;57.000;60.000;61.000;58.000;36.875;33.062;22.000
2019-08-30 09:12:44;57.000;61.000;61.000;58.000;37.000;33.062;22.000
2019-08-30 09:13:01;57.000;61.000;61.000;58.000;37.000;33.125;22.000
2019-08-30 09:13:17;57.000;61.000;60.000;58.000;37.062;33.125;22.062
2019-08-30 09:13:33;57.000;61.000;61.000;58.000;37.062;33.125;22.000
2019-08-30 09:13:49;57.000;61.000;60.000;58.000;37.125;33.188;22.000
2019-08-30 09:14:05;57.000;61.000;60.000;58.000;37.125;33.188;22.062
2019-08-30 09:14:22;57.000;61.000;60.000;58.000;37.125;33.250;22.062
2019-08-30 09:14:38;57.000;61.000;60.000;58.000;37.125;33.250;22.062
2019-08-30 09:14:55;57.000;61.000;60.000;58.000;37.188;33.312;22.062
2019-08-30 09:15:11;57.000;61.000;60.000;59.000;37.188;33.312;22.125
2019-08-30 09:15:27;57.000;61.000;60.000;59.000;37.188;33.312;22.062
2019-08-30 09:15:43;57.000;61.000;60.000;59.000;37.188;33.312;22.062
2019-08-30 09:16:00;57.000;61.000;60.000;59.000;37.250;33.375;22.062
2019-08-30 09:16:16;57.000;61.000;60.000;59.000;37.312;33.375;22.062
2019-08-30 09:16:32;57.000;61.000;60.000;59.000;37.312;33.438;22.000
2019-08-30 09:16:48;57.000;61.000;60.000;59.000;37.312;33.438;22.000
2019-08-30 09:17:04;57.000;61.000;60.000;59.000;37.438;33.438;21.938
2019-08-30 09:17:20;58.000;61.000;60.000;59.000;37.438;33.438;22.000
2019-08-30 09:17:37;57.000;61.000;60.000;59.000;37.500;33.500;22.062
2019-08-30 09:17:53;58.000;61.000;61.000;59.000;37.500;33.500;22.000
2019-08-30 09:18:09;57.000;61.000;61.000;59.000;37.500;33.562;22.062
2019-08-30 09:18:26;58.000;61.000;60.000;59.000;37.500;33.562;22.000
2019-08-30 09:18:42;58.000;61.000;60.000;59.000;37.562;33.562;22.000
2019-08-30 09:18:59;58.000;61.000;61.000;59.000;37.500;33.625;22.000
2019-08-30 09:19:15;58.000;62.000;61.000;59.000;37.500;33.625;22.062
2019-08-30 09:19:31;58.000;61.000;60.000;59.000;37.500;33.625;22.062
2019-08-30 09:19:48;58.000;61.000;60.000;60.000;37.625;33.688;22.062
2019-08-30 09:20:04;58.000;62.000;61.000;59.000;37.688;33.688;22.062
2019-08-30 09:20:20;58.000;62.000;61.000;59.000;37.688;33.750;22.000
2019-08-30 09:20:37;58.000;62.000;61.000;59.000;37.688;33.750;22.062
2019-08-30 09:20:53;58.000;62.000;61.000;59.000;37.688;33.750;22.062
2019-08-30 09:21:10;58.000;62.000;61.000;59.000;37.688;33.750;22.000
2019-08-30 09:21:26;58.000;62.000;61.000;60.000;37.750;33.812;22.062
2019-08-30 09:21:43;59.000;62.000;62.000;59.000;37.750;33.750;22.062
2019-08-30 09:21:59;59.000;62.000;61.000;60.000;37.875;33.812;22.062
2019-08-30 09:22:16;59.000;62.000;61.000;60.000;37.938;33.812;22.062
2019-08-30 09:22:32;58.000;62.000;61.000;60.000;37.812;33.875;22.062
2019-08-30 09:22:49;58.000;62.000;61.000;60.000;37.875;33.938;22.062
2019-08-30 09:23:05;58.000;62.000;62.000;60.000;37.812;33.938;22.062
2019-08-30 09:23:22;59.000;62.000;61.000;60.000;37.938;33.938;22.062
2019-08-30 09:23:38;58.000;62.000;61.000;60.000;38.000;33.938;22.062
2019-08-30 09:23:54;59.000;62.000;61.000;60.000;38.062;33.938;22.062
2019-08-30 09:24:11;59.000;62.000;61.000;60.000;38.000;34.000;22.062
2019-08-30 09:24:27;59.000;62.000;61.000;60.000;38.000;34.000;22.062
2019-08-30 09:24:43;59.000;62.000;61.000;60.000;38.000;34.000;22.062
2019-08-30 09:25:00;59.000;62.000;61.000;60.000;38.125;34.062;22.062
2019-08-30 09:25:16;59.000;62.000;62.000;60.000;38.062;34.062;22.062
2019-08-30 09:25:32;59.000;63.000;62.000;60.000;38.188;34.062;22.062
2019-08-30 09:25:49;59.000;62.000;62.000;60.000;38.188;34.062;22.062
2019-08-30 09:26:05;59.000;62.000;62.000;60.000;38.125;34.125;22.062
2019-08-30 09:26:21;59.000;62.000;62.000;60.000;38.188;34.125;22.125
2019-08-30 09:26:38;59.000;62.000;62.000;60.000;38.188;34.125;22.062
2019-08-30 09:26:54;59.000;62.000;62.000;60.000;38.250;34.125;22.000
2019-08-30 09:27:10;59.000;62.000;62.000;60.000;38.250;34.188;22.062
2019-08-30 09:27:27;59.000;63.000;62.000;60.000;38.312;34.188;22.062
2019-08-30 09:27:43;59.000;62.000;62.000;60.000;38.312;34.250;22.062
2019-08-30 09:27:59;59.000;63.000;62.000;60.000;38.312;34.250;22.062
2019-08-30 09:28:16;59.000;63.000;62.000;60.000;38.375;34.250;22.062
2019-08-30 09:28:32;59.000;63.000;62.000;60.000;38.438;34.250;22.062
2019-08-30 09:28:48;59.000;62.000;62.000;60.000;38.375;34.312;22.062
2019-08-30 09:29:05;59.000;63.000;62.000;60.000;38.312;34.312;22.125
2019-08-30 09:29:21;59.000;63.000;62.000;60.000;38.500;34.312;22.062
2019-08-30 09:29:37;59.000;63.000;62.000;60.000;38.500;34.312;22.062
2019-08-30 09:29:54;59.000;63.000;62.000;60.000;38.562;34.375;22.125
2019-08-30 09:30:10;59.000;63.000;62.000;60.000;38.500;34.375;22.062
2019-08-30 09:30:27;59.000;63.000;62.000;60.000;38.500;34.375;22.125
2019-08-30 09:30:43;59.000;63.000;62.000;60.000;38.375;34.375;22.062
2019-08-30 09:31:00;59.000;63.000;62.000;60.000;38.500;34.438;22.125
2019-08-30 09:31:16;59.000;63.000;62.000;61.000;38.375;34.438;22.062
2019-08-30 09:31:33;59.000;63.000;62.000;61.000;38.438;34.438;22.062
2019-08-30 09:31:49;59.000;63.000;62.000;61.000;38.562;34.438;22.062
2019-08-30 09:32:05;59.000;63.000;62.000;61.000;38.500;34.438;22.062
2019-08-30 09:32:22;59.000;63.000;62.000;61.000;38.562;34.500;22.125
2019-08-30 09:32:38;59.000;63.000;62.000;61.000;38.500;34.500;22.125
2019-08-30 09:32:55;59.000;63.000;62.000;61.000;38.562;34.500;22.062
2019-08-30 09:33:11;59.000;63.000;62.000;61.000;38.562;34.562;22.188
2019-08-30 09:33:28;59.000;63.000;62.000;61.000;38.625;34.500;22.125
2019-08-30 09:33:44;59.000;63.000;62.000;61.000;38.750;34.562;22.125
2019-08-30 09:34:00;59.000;63.000;62.000;61.000;38.750;34.562;22.125
2019-08-30 09:34:17;59.000;63.000;62.000;61.000;38.688;34.625;22.125
2019-08-30 09:34:33;59.000;63.000;62.000;61.000;38.750;34.625;22.125
2019-08-30 09:34:49;59.000;63.000;62.000;61.000;38.812;34.562;22.125
2019-08-30 09:35:06;59.000;63.000;62.000;61.000;38.750;34.625;22.125
2019-08-30 09:35:22;59.000;64.000;62.000;61.000;38.812;34.688;22.125
2019-08-30 09:35:39;59.000;64.000;62.000;61.000;38.812;34.688;22.125
2019-08-30 09:35:55;59.000;64.000;62.000;61.000;38.812;34.688;22.125
2019-08-30 09:36:12;59.000;64.000;62.000;61.000;38.875;34.688;22.125
2019-08-30 09:36:29;59.000;64.000;63.000;61.000;38.875;34.688;22.125
2019-08-30 09:36:45;59.000;64.000;62.000;61.000;39.000;34.688;22.062
2019-08-30 09:37:01;59.000;64.000;62.000;61.000;39.000;34.688;22.000
2019-08-30 09:37:18;59.000;64.000;62.000;61.000;39.000;34.750;21.875
2019-08-30 09:37:34;59.000;64.000;62.000;61.000;38.938;34.750;21.875
2019-08-30 09:37:51;59.000;64.000;62.000;61.000;38.938;34.750;21.875
2019-08-30 09:38:07;60.000;64.000;62.000;61.000;39.000;34.750;21.812
2019-08-30 09:38:23;60.000;64.000;62.000;61.000;39.000;34.812;21.750
2019-08-30 09:38:40;59.000;64.000;63.000;61.000;38.938;34.812;21.750
2019-08-30 09:38:56;60.000;64.000;63.000;61.000;39.000;34.812;21.750
2019-08-30 09:39:12;60.000;64.000;63.000;61.000;39.000;34.812;21.688
2019-08-30 09:39:29;60.000;64.000;63.000;61.000;39.125;34.812;21.688
2019-08-30 09:39:45;60.000;64.000;63.000;61.000;39.062;34.875;21.688
2019-08-30 09:40:01;60.000;64.000;63.000;61.000;39.188;34.875;21.688
2019-08-30 09:40:18;60.000;64.000;63.000;61.000;39.125;34.875;21.688
2019-08-30 09:40:34;60.000;64.000;63.000;61.000;39.062;34.875;21.625
2019-08-30 09:40:50;60.000;64.000;63.000;61.000;39.188;34.875;21.625
2019-08-30 09:41:07;60.000;64.000;63.000;61.000;39.188;34.938;21.562
2019-08-30 09:41:23;60.000;64.000;63.000;61.000;39.188;34.875;21.562
2019-08-30 09:41:39;60.000;64.000;63.000;61.000;39.188;34.875;21.562
2019-08-30 09:41:56;60.000;64.000;63.000;61.000;39.125;34.938;21.500
2019-08-30 09:42:12;60.000;64.000;63.000;61.000;39.188;34.938;21.562
2019-08-30 09:42:28;60.000;64.000;63.000;62.000;39.125;34.938;21.500
2019-08-30 09:42:45;60.000;64.000;63.000;62.000;39.125;34.938;21.500
2019-08-30 09:43:01;61.000;64.000;63.000;62.000;39.125;34.938;21.438
2019-08-30 09:43:18;61.000;64.000;63.000;62.000;39.125;35.000;21.438
2019-08-30 09:43:34;61.000;64.000;63.000;61.000;39.188;35.000;21.438
2019-08-30 09:43:50;61.000;64.000;63.000;62.000;39.188;35.000;21.438
2019-08-30 09:44:06;61.000;64.000;63.000;62.000;39.250;35.000;21.438
2019-08-30 09:44:23;61.000;64.000;63.000;61.000;39.188;35.000;21.438
2019-08-30 09:44:39;61.000;64.000;63.000;61.000;39.062;35.062;21.375
2019-08-30 09:44:56;61.000;64.000;63.000;62.000;39.125;35.062;21.438
2019-08-30 09:45:12;61.000;64.000;63.000;61.000;39.125;35.062;21.375
2019-08-30 09:45:28;61.000;64.000;63.000;62.000;39.188;35.062;21.375
2019-08-30 09:45:45;61.000;64.000;63.000;62.000;39.125;35.062;21.438
2019-08-30 09:46:01;61.000;64.000;63.000;62.000;39.125;35.062;21.375
2019-08-30 09:46:18;60.000;64.000;63.000;62.000;39.250;35.062;21.375
2019-08-30 09:46:34;60.000;64.000;63.000;62.000;39.250;35.062;21.375
2019-08-30 09:46:50;60.000;65.000;63.000;62.000;39.250;35.125;21.375
2019-08-30 09:47:07;61.000;64.000;63.000;62.000;39.312;35.062;21.312
2019-08-30 09:47:23;61.000;65.000;63.000;62.000;39.312;35.125;21.312
2019-08-30 09:47:39;61.000;65.000;63.000;62.000;39.312;35.125;21.312
2019-08-30 09:47:56;61.000;64.000;63.000;62.000;39.312;35.125;21.312
2019-08-30 09:48:12;61.000;64.000;63.000;62.000;39.375;35.125;21.250
2019-08-30 09:48:29;61.000;65.000;63.000;62.000;39.375;35.188;21.250
2019-08-30 09:48:45;61.000;64.000;63.000;62.000;39.500;35.125;21.250
2019-08-30 09:49:02;61.000;64.000;63.000;62.000;39.438;35.125;21.250
2019-08-30 09:49:18;61.000;64.000;63.000;62.000;39.500;35.188;21.250
2019-08-30 09:49:34;61.000;65.000;63.000;62.000;39.562;35.125;21.250
2019-08-30 09:49:50;61.000;64.000;63.000;62.000;39.500;35.188;21.250
2019-08-30 09:50:07;61.000;65.000;63.000;62.000;39.375;35.188;21.250
2019-08-30 09:50:23;61.000;64.000;64.000;62.000;39.438;35.188;21.250
2019-08-30 09:50:39;61.000;64.000;64.000;62.000;39.375;35.188;21.250
2019-08-30 09:50:55;61.000;65.000;64.000;62.000;39.438;35.188;21.250
2019-08-30 09:51:12;61.000;65.000;63.000;62.000;39.438;35.188;21.250
2019-08-30 09:51:28;61.000;64.000;63.000;62.000;39.500;35.188;21.250
2019-08-30 09:51:44;61.000;65.000;64.000;62.000;39.562;35.188;21.188
2019-08-30 09:52:01;61.000;64.000;64.000;62.000;39.562;35.188;21.188
2019-08-30 09:52:17;61.000;64.000;64.000;62.000;39.500;35.188;21.188
2019-08-30 09:52:34;61.000;64.000;64.000;62.000;39.438;35.188;21.250
2019-08-30 09:52:50;61.000;65.000;64.000;62.000;39.438;35.188;21.188
2019-08-30 09:53:06;61.000;65.000;64.000;62.000;39.562;35.250;21.250
2019-08-30 09:53:23;61.000;65.000;64.000;62.000;39.500;35.250;21.250
2019-08-30 09:53:39;61.000;64.000;64.000;62.000;39.625;35.250;21.250
2019-08-30 09:53:55;61.000;65.000;64.000;62.000;39.562;35.250;21.250
2019-08-30 09:54:12;61.000;65.000;64.000;62.000;39.562;35.250;21.188
2019-08-30 09:54:29;61.000;65.000;63.000;62.000;39.500;35.250;21.188
2019-08-30 09:54:45;61.000;65.000;64.000;62.000;39.562;35.312;21.188
2019-08-30 09:55:01;61.000;65.000;64.000;62.000;39.500;35.250;21.188
2019-08-30 09:55:18;61.000;65.000;64.000;62.000;39.562;35.250;21.250
2019-08-30 09:55:34;61.000;65.000;64.000;62.000;39.625;35.250;21.188
2019-08-30 09:55:51;61.000;65.000;64.000;62.000;39.562;35.250;21.250
2019-08-30 09:56:07;61.000;65.000;64.000;62.000;39.625;35.250;21.188
2019-08-30 09:56:23;61.000;65.000;64.000;62.000;39.750;35.250;21.188
2019-08-30 09:56:40;61.000;65.000;63.000;62.000;39.750;35.250;21.188
2019-08-30 09:56:56;61.000;65.000;64.000;62.000;39.688;35.312;21.125
2019-08-30 09:57:12;61.000;65.000;64.000;62.000;39.688;35.312;21.125
2019-08-30 09:57:29;61.000;65.000;64.000;62.000;39.750;35.312;21.125
2019-08-30 09:57:45;61.000;65.000;64.000;62.000;39.750;35.312;21.125
2019-08-30 09:58:01;61.000;65.000;64.000;62.000;39.812;35.312;21.125
2019-08-30 09:58:18;61.000;65.000;64.000;62.000;39.688;35.312;21.188
2019-08-30 09:58:35;61.000;65.000;64.000;62.000;39.625;35.312;21.125
2019-08-30 09:58:51;61.000;65.000;64.000;62.000;39.625;35.312;21.125
2019-08-30 09:59:07;61.000;65.000;64.000;62.000;39.688;35.312;21.125
2019-08-30 09:59:24;61.000;65.000;64.000;62.000;39.750;35.312;21.125
2019-08-30 09:59:40;61.000;65.000;64.000;62.000;39.750;35.312;21.125
2019-08-30 09:59:57;61.000;65.000;64.000;62.000;39.688;35.375;21.125
2019-08-30 10:00:13;61.000;65.000;64.000;62.000;39.688;35.312;21.125
2019-08-30 10:00:30;61.000;65.000;64.000;62.000;39.688;35.375;21.125
2019-08-30 10:00:46;61.000;65.000;64.000;62.000;39.688;35.375;21.125
2019-08-30 10:01:02;61.000;65.000;64.000;62.000;39.688;35.312;21.125
2019-08-30 10:01:18;61.000;65.000;64.000;62.000;39.625;35.375;21.188
2019-08-30 10:01:35;61.000;65.000;64.000;62.000;39.625;35.375;21.188
2019-08-30 10:01:51;61.000;65.000;64.000;62.000;39.562;35.375;21.188
2019-08-30 10:02:07;61.000;65.000;64.000;62.000;39.688;35.375;21.188
2019-08-30 10:02:24;61.000;65.000;64.000;62.000;39.625;35.375;21.188
2019-08-30 10:02:40;61.000;65.000;64.000;62.000;39.625;35.312;21.125
2019-08-30 10:02:56;61.000;65.000;64.000;62.000;39.688;35.375;21.125
2019-08-30 10:03:12;61.000;65.000;64.000;62.000;39.750;35.375;21.125
2019-08-30 10:03:29;61.000;65.000;64.000;62.000;39.688;35.375;21.062
2019-08-30 10:03:45;61.000;65.000;64.000;62.000;39.750;35.375;21.062
2019-08-30 10:04:01;61.000;65.000;64.000;62.000;39.812;35.375;21.062
2019-08-30 10:04:18;61.000;65.000;64.000;62.000;39.812;35.375;21.062
2019-08-30 10:04:34;61.000;65.000;64.000;62.000;39.750;35.375;21.062
2019-08-30 10:04:50;61.000;65.000;64.000;62.000;39.750;35.375;21.062
2019-08-30 10:05:07;61.000;65.000;64.000;62.000;39.812;35.375;21.062
2019-08-30 10:05:23;61.000;65.000;64.000;62.000;39.812;35.375;21.062
2019-08-30 10:05:39;61.000;65.000;64.000;62.000;39.812;35.375;21.062
2019-08-30 10:05:56;61.000;65.000;64.000;62.000;39.812;35.438;21.062
2019-08-30 10:06:12;61.000;65.000;64.000;62.000;39.750;35.438;21.062
2019-08-30 10:06:28;61.000;65.000;64.000;62.000;39.750;35.375;21.062
2019-08-30 10:06:45;61.000;65.000;64.000;62.000;39.750;35.375;21.125
2019-08-30 10:07:01;61.000;65.000;64.000;62.000;39.688;35.375;21.062
2019-08-30 10:07:18;61.000;65.000;64.000;62.000;39.812;35.438;21.062
2019-08-30 10:07:34;61.000;65.000;64.000;62.000;39.688;35.375;21.062
2019-08-30 10:07:51;61.000;65.000;64.000;62.000;39.688;35.438;21.062
2019-08-30 10:08:07;61.000;65.000;64.000;62.000;39.750;35.375;21.062
2019-08-30 10:08:24;61.000;65.000;64.000;62.000;39.750;35.438;21.062
2019-08-30 10:08:40;61.000;65.000;64.000;62.000;39.688;35.438;21.062
2019-08-30 10:08:56;61.000;65.000;64.000;62.000;39.750;35.438;21.062
2019-08-30 10:09:13;61.000;65.000;64.000;62.000;39.812;35.438;21.062
2019-08-30 10:09:29;61.000;65.000;64.000;62.000;39.812;35.438;21.000
2019-08-30 10:09:45;61.000;65.000;64.000;62.000;39.875;35.500;21.000
2019-08-30 10:10:01;61.000;65.000;64.000;62.000;39.938;35.438;21.000
2019-08-30 10:10:18;61.000;65.000;64.000;62.000;39.812;35.438;21.000
2019-08-30 10:10:34;61.000;65.000;64.000;62.000;39.938;35.438;21.000
2019-08-30 10:10:51;61.000;65.000;64.000;62.000;39.938;35.438;21.000
2019-08-30 10:11:07;61.000;65.000;64.000;62.000;40.000;35.438;21.062
2019-08-30 10:11:23;61.000;65.000;64.000;62.000;40.062;35.438;21.062
2019-08-30 10:11:40;61.000;65.000;64.000;62.000;40.000;35.438;21.062
2019-08-30 10:11:56;61.000;65.000;64.000;62.000;40.000;35.438;21.000
2019-08-30 10:12:12;61.000;65.000;64.000;62.000;40.000;35.438;21.062
2019-08-30 10:12:29;61.000;65.000;64.000;62.000;39.938;35.438;21.062
2019-08-30 10:12:45;61.000;65.000;64.000;62.000;39.875;35.438;21.062
2019-08-30 10:13:01;61.000;65.000;64.000;62.000;39.875;35.438;21.062
2019-08-30 10:13:17;61.000;65.000;64.000;62.000;39.875;35.438;21.000
2019-08-30 10:13:34;61.000;65.000;64.000;62.000;39.938;35.438;21.000
2019-08-30 10:13:50;61.000;65.000;64.000;62.000;39.938;35.438;21.000
2019-08-30 10:14:06;61.000;65.000;64.000;62.000;40.000;35.438;21.062
2019-08-30 10:14:23;61.000;65.000;64.000;62.000;40.188;35.438;21.062
2019-08-30 10:14:39;61.000;65.000;64.000;62.000;40.062;35.438;21.062
2019-08-30 10:14:56;61.000;65.000;64.000;62.000;40.000;35.438;21.062
2019-08-30 10:15:12;61.000;65.000;64.000;62.000;40.062;35.500;21.062
2019-08-30 10:15:28;61.000;65.000;64.000;62.000;40.062;35.438;21.062
2019-08-30 10:15:45;61.000;65.000;64.000;62.000;40.125;35.438;21.062
2019-08-30 10:16:01;61.000;65.000;64.000;62.000;40.062;35.438;21.062
2019-08-30 10:16:17;61.000;65.000;64.000;62.000;40.062;35.438;21.062
2019-08-30 10:16:34;61.000;65.000;64.000;62.000;39.938;35.438;21.000
2019-08-30 10:16:50;61.000;65.000;64.000;62.000;40.000;35.438;21.062
2019-08-30 10:17:06;61.000;65.000;64.000;62.000;40.000;35.438;21.062
2019-08-30 10:17:22;61.000;65.000;64.000;62.000;40.000;35.438;21.062
2019-08-30 10:17:39;61.000;65.000;64.000;62.000;39.875;35.438;21.062
2019-08-30 10:17:55;61.000;65.000;64.000;62.000;39.875;35.500;21.062
2019-08-30 10:18:11;61.000;65.000;64.000;62.000;39.938;35.438;21.000
2019-08-30 10:18:28;61.000;65.000;64.000;62.000;39.938;35.500;21.000
2019-08-30 10:18:44;61.000;65.000;64.000;62.000;40.000;35.438;20.938
2019-08-30 10:19:01;61.000;65.000;64.000;63.000;40.000;35.500;20.938
2019-08-30 10:19:17;61.000;65.000;64.000;62.000;40.062;35.500;20.938
2019-08-30 10:19:34;61.000;65.000;64.000;62.000;40.062;35.438;20.938
2019-08-30 10:19:50;61.000;65.000;64.000;63.000;40.062;35.438;20.938
2019-08-30 10:20:06;61.000;65.000;64.000;62.000;39.938;35.438;20.938
2019-08-30 10:20:23;61.000;65.000;64.000;63.000;39.938;35.438;20.938
2019-08-30 10:20:39;61.000;65.000;64.000;62.000;39.938;35.500;20.938
2019-08-30 10:20:55;61.000;65.000;64.000;62.000;39.875;35.500;20.938
2019-08-30 10:21:12;61.000;65.000;64.000;62.000;39.875;35.500;20.875
2019-08-30 10:21:28;61.000;65.000;64.000;62.000;39.938;35.500;20.875
2019-08-30 10:21:44;61.000;65.000;64.000;62.000;40.000;35.438;20.875
2019-08-30 10:22:01;61.000;65.000;64.000;62.000;40.000;35.500;20.875
2019-08-30 10:22:17;61.000;65.000;64.000;63.000;39.938;35.438;20.875
2019-08-30 10:22:33;61.000;65.000;64.000;62.000;40.000;35.500;20.875
2019-08-30 10:22:50;61.000;65.000;64.000;62.000;39.938;35.438;20.875
2019-08-30 10:23:06;61.000;65.000;64.000;62.000;40.000;35.500;20.875
2019-08-30 10:23:22;61.000;65.000;64.000;62.000;39.875;35.438;20.812
2019-08-30 10:23:38;61.000;65.000;64.000;62.000;39.938;35.500;20.812
2019-08-30 10:23:55;61.000;65.000;64.000;62.000;40.062;35.438;20.812
2019-08-30 10:24:11;61.000;65.000;64.000;62.000;40.000;35.500;20.812
2019-08-30 10:24:28;61.000;65.000;64.000;62.000;39.938;35.500;20.812
2019-08-30 10:24:44;61.000;65.000;64.000;62.000;39.938;35.500;20.812
2019-08-30 10:25:01;61.000;65.000;64.000;62.000;40.062;35.500;20.750
2019-08-30 10:25:17;61.000;65.000;64.000;62.000;39.938;35.500;20.812
2019-08-30 10:25:33;61.000;65.000;64.000;62.000;39.938;35.500;20.750
2019-08-30 10:25:50;61.000;65.000;64.000;62.000;39.938;35.562;20.750
2019-08-30 10:26:06;61.000;65.000;64.000;62.000;40.000;35.500;20.750
2019-08-30 10:26:22;61.000;65.000;64.000;62.000;40.000;35.500;20.750
2019-08-30 10:26:39;61.000;65.000;64.000;63.000;40.000;35.438;20.750
2019-08-30 10:26:55;61.000;65.000;64.000;63.000;40.062;35.500;20.688
2019-08-30 10:27:11;61.000;65.000;64.000;63.000;40.000;35.500;20.688
2019-08-30 10:27:28;61.000;65.000;64.000;63.000;39.875;35.438;20.688
2019-08-30 10:27:44;61.000;65.000;64.000;63.000;39.938;35.438;20.688
2019-08-30 10:28:00;61.000;65.000;64.000;62.000;39.812;35.500;20.688
2019-08-30 10:28:16;61.000;65.000;64.000;62.000;39.750;35.500;20.688
2019-08-30 10:28:33;61.000;65.000;64.000;62.000;39.688;35.438;20.688
2019-08-30 10:28:49;61.000;65.000;64.000;62.000;39.688;35.500;20.688
2019-08-30 10:29:06;61.000;65.000;64.000;62.000;39.812;35.500;20.688
2019-08-30 10:29:22;61.000;65.000;64.000;62.000;39.812;35.500;20.688
2019-08-30 10:29:38;61.000;65.000;64.000;62.000;39.938;35.500;20.688
2019-08-30 10:29:55;61.000;65.000;64.000;62.000;39.875;35.438;20.688
2019-08-30 10:30:11;61.000;65.000;64.000;62.000;39.938;35.500;20.625
2019-08-30 10:30:27;61.000;65.000;64.000;62.000;39.875;35.500;20.688
2019-08-30 10:30:44;61.000;65.000;64.000;62.000;39.812;35.500;20.688
2019-08-30 10:31:00;61.000;65.000;64.000;62.000;39.812;35.500;20.625
2019-08-30 10:31:16;61.000;65.000;64.000;62.000;39.938;35.500;20.625
2019-08-30 10:31:33;61.000;65.000;64.000;62.000;39.875;35.500;20.625
2019-08-30 10:31:49;61.000;65.000;64.000;62.000;39.812;35.500;20.625
2019-08-30 10:32:05;61.000;65.000;64.000;63.000;40.000;35.500;20.562
2019-08-30 10:32:21;61.000;65.000;64.000;62.000;39.875;35.438;20.562
2019-08-30 10:32:38;61.000;65.000;64.000;63.000;39.938;35.500;20.562
2019-08-30 10:32:54;61.000;65.000;64.000;62.000;40.000;35.500;20.500
2019-08-30 10:33:10;61.000;65.000;64.000;62.000;39.938;35.500;20.500
2019-08-30 10:33:26;61.000;65.000;64.000;62.000;40.000;35.500;20.500
2019-08-30 10:33:43;61.000;65.000;64.000;62.000;40.000;35.438;20.500
2019-08-30 10:33:59;61.000;65.000;64.000;62.000;39.938;35.500;20.500
2019-08-30 10:34:15;61.000;65.000;64.000;63.000;40.000;35.500;20.438
2019-08-30 10:34:32;61.000;65.000;64.000;63.000;40.062;35.500;20.438
2019-08-30 10:34:48;61.000;65.000;64.000;63.000;40.000;35.438;20.438
2019-08-30 10:35:04;61.000;65.000;64.000;62.000;40.000;35.438;20.438
2019-08-30 10:35:20;61.000;65.000;64.000;62.000;39.938;35.500;20.438
2019-08-30 10:35:37;61.000;65.000;64.000;62.000;39.875;35.500;20.375
2019-08-30 10:35:53;61.000;65.000;64.000;63.000;40.000;35.500;20.375
2019-08-30 10:36:10;61.000;65.000;64.000;63.000;40.000;35.500;20.438
2019-08-30 10:36:26;61.000;65.000;64.000;62.000;39.875;35.500;20.375
2019-08-30 10:36:42;61.000;65.000;64.000;63.000;39.875;35.438;20.375
2019-08-30 10:36:59;61.000;65.000;64.000;63.000;40.000;35.500;20.375
2019-08-30 10:37:15;61.000;65.000;64.000;63.000;39.938;35.438;20.375
2019-08-30 10:37:31;61.000;65.000;64.000;62.000;40.000;35.500;20.375
2019-08-30 10:37:47;61.000;65.000;64.000;62.000;39.938;35.438;20.375
2019-08-30 10:38:04;61.000;65.000;64.000;63.000;39.938;35.438;20.375
2019-08-30 10:38:20;61.000;65.000;64.000;63.000;39.938;35.438;20.375
2019-08-30 10:38:37;61.000;65.000;64.000;63.000;40.000;35.438;20.375
2019-08-30 10:38:53;61.000;65.000;64.000;63.000;39.938;35.438;20.375
2019-08-30 10:39:10;61.000;65.000;64.000;63.000;39.875;35.438;20.375
2019-08-30 10:39:26;61.000;65.000;64.000;62.000;39.875;35.438;20.438
2019-08-30 10:39:42;61.000;65.000;64.000;63.000;39.875;35.438;20.375
2019-08-30 10:39:59;61.000;65.000;64.000;63.000;39.938;35.438;20.438
2019-08-30 10:40:15;61.000;65.000;64.000;63.000;39.875;35.438;20.438
2019-08-30 10:40:31;61.000;65.000;64.000;62.000;39.938;35.438;20.438
2019-08-30 10:40:47;61.000;65.000;64.000;63.000;39.875;35.438;20.438
2019-08-30 10:41:04;61.000;65.000;64.000;62.000;39.875;35.438;20.438
2019-08-30 10:41:20;61.000;65.000;64.000;62.000;39.938;35.438;20.438
2019-08-30 10:41:36;61.000;65.000;64.000;62.000;39.938;35.438;20.500
2019-08-30 10:41:53;61.000;65.000;64.000;62.000;39.875;35.438;20.500
2019-08-30 10:42:09;61.000;65.000;64.000;63.000;39.812;35.438;20.500
2019-08-30 10:42:25;61.000;65.000;64.000;63.000;40.000;35.438;20.500
2019-08-30 10:42:42;61.000;65.000;64.000;62.000;40.062;35.438;20.500
2019-08-30 10:42:58;61.000;65.000;64.000;63.000;40.125;35.438;20.500
2019-08-30 10:43:14;61.000;65.000;64.000;63.000;40.000;35.438;20.562
2019-08-30 10:43:30;61.000;65.000;64.000;63.000;39.938;35.438;20.562
2019-08-30 10:43:47;61.000;65.000;64.000;63.000;39.875;35.438;20.562
2019-08-30 10:44:03;61.000;65.000;64.000;63.000;39.875;35.438;20.562
2019-08-30 10:44:20;61.000;65.000;64.000;63.000;40.000;35.438;20.562
2019-08-30 10:44:36;61.000;65.000;64.000;63.000;40.000;35.438;20.562
2019-08-30 10:44:52;61.000;65.000;64.000;63.000;39.938;35.438;20.562
2019-08-30 10:45:09;61.000;65.000;64.000;63.000;39.875;35.438;20.500
2019-08-30 10:45:25;61.000;65.000;64.000;62.000;39.812;35.438;20.500
2019-08-30 10:45:42;61.000;65.000;64.000;63.000;39.875;35.438;20.500
2019-08-30 10:45:58;61.000;65.000;64.000;62.000;39.875;35.438;20.438
2019-08-30 10:46:14;61.000;65.000;64.000;63.000;39.812;35.438;20.438
2019-08-30 10:46:30;61.000;65.000;64.000;62.000;39.812;35.438;20.500
2019-08-30 10:46:47;61.000;65.000;64.000;62.000;39.875;35.438;20.562
2019-08-30 10:47:03;61.000;65.000;64.000;63.000;39.875;35.438;20.562
2019-08-30 10:47:19;61.000;65.000;64.000;63.000;39.875;35.375;20.562
2019-08-30 10:47:36;61.000;65.000;64.000;63.000;40.000;35.438;20.625
2019-08-30 10:47:52;61.000;65.000;64.000;62.000;40.062;35.375;20.625
2019-08-30 10:48:08;61.000;65.000;64.000;63.000;39.938;35.375;20.625
2019-08-30 10:48:25;61.000;65.000;64.000;63.000;40.000;35.375;20.625
2019-08-30 10:48:41;61.000;65.000;64.000;63.000;39.875;35.375;20.688
2019-08-30 10:48:57;61.000;65.000;64.000;63.000;39.875;35.438;20.688
2019-08-30 10:49:14;61.000;65.000;64.000;63.000;39.938;35.375;20.688
2019-08-30 10:49:30;61.000;65.000;64.000;62.000;39.875;35.375;20.688
2019-08-30 10:49:47;61.000;65.000;64.000;62.000;39.812;35.438;20.688
2019-08-30 10:50:04;61.000;65.000;64.000;62.000;39.875;35.438;20.750
2019-08-30 10:50:20;61.000;65.000;64.000;62.000;39.938;35.375;20.688
2019-08-30 10:50:36;61.000;65.000;64.000;62.000;39.812;35.375;20.688
2019-08-30 10:50:52;61.000;65.000;64.000;62.000;39.938;35.375;20.688
2019-08-30 10:51:09;61.000;65.000;64.000;62.000;39.875;35.375;20.688
2019-08-30 10:51:26;61.000;65.000;64.000;62.000;39.875;35.375;20.750
2019-08-30 10:51:42;61.000;65.000;64.000;62.000;39.938;35.438;20.750
2019-08-30 10:51:58;61.000;65.000;64.000;62.000;39.812;35.438;20.750
2019-08-30 10:52:14;61.000;65.000;64.000;62.000;39.938;35.375;20.750
2019-08-30 10:52:30;61.000;65.000;64.000;62.000;39.938;35.438;20.688
2019-08-30 10:52:47;61.000;65.000;64.000;62.000;39.812;35.438;20.688
2019-08-30 10:53:03;61.000;65.000;64.000;62.000;39.750;35.375;20.688
2019-08-30 10:53:19;61.000;65.000;64.000;62.000;39.812;35.375;20.688
2019-08-30 10:53:35;61.000;65.000;64.000;62.000;39.812;35.375;20.688
2019-08-30 10:53:52;61.000;65.000;64.000;62.000;39.812;35.375;20.625
2019-08-30 10:54:08;61.000;65.000;64.000;62.000;39.812;35.375;20.625
2019-08-30 10:54:24;61.000;65.000;64.000;62.000;39.688;35.375;20.562
2019-08-30 10:54:41;61.000;65.000;64.000;62.000;39.688;35.375;20.562
2019-08-30 10:54:57;61.000;65.000;64.000;62.000;39.688;35.438;20.562
2019-08-30 10:55:13;61.000;65.000;64.000;62.000;39.625;35.375;20.562
2019-08-30 10:55:30;61.000;65.000;64.000;62.000;39.688;35.375;20.562
2019-08-30 10:55:46;61.000;65.000;64.000;62.000;39.688;35.375;20.562
2019-08-30 10:56:03;61.000;65.000;64.000;62.000;39.688;35.438;20.562
2019-08-30 10:56:19;61.000;65.000;64.000;62.000;39.750;35.312;20.500
2019-08-30 10:56:35;61.000;65.000;64.000;62.000;39.875;35.375;20.562
2019-08-30 10:56:52;61.000;65.000;64.000;62.000;39.875;35.312;20.500
2019-08-30 10:57:08;61.000;65.000;64.000;62.000;39.875;35.375;20.500
2019-08-30 10:57:24;61.000;65.000;64.000;62.000;39.812;35.375;20.500
2019-08-30 10:57:41;61.000;65.000;64.000;62.000;39.875;35.375;20.500
2019-08-30 10:57:57;61.000;65.000;64.000;62.000;39.812;35.312;20.562
2019-08-30 10:58:13;61.000;65.000;64.000;62.000;39.812;35.312;20.438
2019-08-30 10:58:29;61.000;65.000;64.000;62.000;39.688;35.375;20.375
2019-08-30 10:58:46;61.000;65.000;64.000;62.000;39.750;35.375;20.312
2019-08-30 10:59:02;61.000;65.000;64.000;62.000;39.875;35.312;20.312
2019-08-30 10:59:19;61.000;65.000;64.000;62.000;39.875;35.312;20.250
2019-08-30 10:59:35;61.000;65.000;64.000;62.000;39.812;35.312;20.250
2019-08-30 10:59:51;61.000;65.000;64.000;62.000;39.812;35.312;20.250
2019-08-30 11:00:08;61.000;65.000;64.000;62.000;39.812;35.312;20.188
2019-08-30 11:00:24;61.000;65.000;64.000;62.000;39.750;35.312;20.188
2019-08-30 11:00:40;61.000;65.000;64.000;62.000;39.750;35.312;20.250
2019-08-30 11:00:57;61.000;65.000;64.000;62.000;39.812;35.375;20.250
2019-08-30 11:01:13;61.000;65.000;64.000;62.000;39.812;35.312;20.250
2019-08-30 11:01:29;61.000;65.000;64.000;62.000;39.688;35.312;20.250
2019-08-30 11:01:46;61.000;65.000;64.000;62.000;39.688;35.312;20.250
2019-08-30 11:02:02;61.000;65.000;64.000;62.000;39.688;35.312;20.312
2019-08-30 11:02:19;61.000;65.000;64.000;62.000;39.750;35.250;20.312
2019-08-30 11:02:35;61.000;65.000;64.000;62.000;39.812;35.312;20.312
2019-08-30 11:02:52;61.000;65.000;64.000;62.000;39.812;35.312;20.312
2019-08-30 11:03:08;61.000;65.000;64.000;62.000;39.688;35.312;20.312
2019-08-30 11:03:24;61.000;65.000;64.000;62.000;39.750;35.312;20.312
2019-08-30 11:03:41;61.000;65.000;64.000;62.000;39.688;35.312;20.312
2019-08-30 11:03:57;61.000;65.000;64.000;62.000;39.875;35.312;20.312
2019-08-30 11:04:13;61.000;65.000;64.000;62.000;39.938;35.312;20.312
2019-08-30 11:04:29;61.000;65.000;64.000;62.000;39.938;35.312;20.312
2019-08-30 11:04:46;61.000;65.000;64.000;62.000;39.875;35.250;20.375
2019-08-30 11:05:02;61.000;65.000;64.000;62.000;39.875;35.250;20.312
2019-08-30 11:05:18;61.000;65.000;64.000;62.000;39.812;35.250;20.312
2019-08-30 11:05:35;61.000;65.000;64.000;62.000;39.750;35.312;20.312
2019-08-30 11:05:51;61.000;65.000;64.000;62.000;39.750;35.250;20.312
2019-08-30 11:06:08;61.000;65.000;64.000;62.000;39.812;35.312;20.312
2019-08-30 11:06:24;61.000;65.000;64.000;62.000;39.750;35.312;20.375
2019-08-30 11:06:40;61.000;65.000;64.000;62.000;39.812;35.312;20.312
2019-08-30 11:06:56;61.000;65.000;64.000;62.000;39.812;35.312;20.312
2019-08-30 11:07:13;61.000;65.000;64.000;62.000;39.688;35.250;20.375
2019-08-30 11:07:29;61.000;65.000;64.000;62.000;39.750;35.250;20.375
2019-08-30 11:07:45;61.000;65.000;64.000;62.000;39.688;35.312;20.375
2019-08-30 11:08:01;61.000;65.000;64.000;62.000;39.750;35.250;20.375
2019-08-30 11:08:17;61.000;65.000;64.000;62.000;39.625;35.250;20.375
2019-08-30 11:08:34;61.000;65.000;64.000;62.000;39.625;35.250;20.375
2019-08-30 11:08:50;61.000;65.000;64.000;62.000;39.750;35.250;20.375
2019-08-30 11:09:07;61.000;65.000;64.000;62.000;39.812;35.250;20.375
2019-08-30 11:09:23;61.000;65.000;64.000;62.000;39.812;35.250;20.312
2019-08-30 11:09:39;61.000;65.000;64.000;62.000;39.750;35.250;20.312
2019-08-30 11:09:56;61.000;65.000;64.000;62.000;39.688;35.250;20.375
2019-08-30 11:10:12;61.000;65.000;64.000;62.000;39.688;35.250;20.375
2019-08-30 11:10:28;61.000;65.000;64.000;62.000;39.750;35.250;20.312
2019-08-30 11:10:44;61.000;65.000;64.000;62.000;39.812;35.188;20.375
2019-08-30 11:11:01;61.000;65.000;64.000;62.000;39.875;35.188;20.375
2019-08-30 11:11:17;61.000;65.000;64.000;62.000;39.750;35.250;20.375
2019-08-30 11:11:34;61.000;65.000;64.000;62.000;39.750;35.250;20.375
2019-08-30 11:11:50;61.000;65.000;64.000;62.000;39.688;35.250;20.375
2019-08-30 11:12:06;61.000;65.000;64.000;62.000;39.688;35.188;20.312
2019-08-30 11:12:23;61.000;65.000;64.000;62.000;39.812;35.250;20.312
2019-08-30 11:12:39;61.000;65.000;64.000;62.000;39.750;35.188;20.312
2019-08-30 11:12:56;61.000;65.000;64.000;62.000;39.750;35.250;20.312
2019-08-30 11:13:12;61.000;65.000;64.000;62.000;39.812;35.188;20.312
2019-08-30 11:13:28;61.000;65.000;64.000;62.000;39.812;35.188;20.375
2019-08-30 11:13:45;61.000;65.000;64.000;62.000;39.688;35.188;20.375
2019-08-30 11:14:01;61.000;65.000;64.000;62.000;39.688;35.188;20.312
2019-08-30 11:14:17;61.000;65.000;64.000;62.000;39.750;35.188;20.375
2019-08-30 11:14:34;61.000;65.000;64.000;62.000;39.562;35.188;20.312
2019-08-30 11:14:50;61.000;65.000;64.000;62.000;39.562;35.188;20.312
2019-08-30 11:15:06;61.000;65.000;64.000;62.000;39.625;35.188;20.312
2019-08-30 11:15:23;61.000;65.000;64.000;62.000;39.750;35.188;20.312
2019-08-30 11:15:39;61.000;65.000;64.000;62.000;39.688;35.188;20.312
2019-08-30 11:15:55;61.000;65.000;64.000;62.000;39.562;35.188;20.312
2019-08-30 11:16:11;61.000;65.000;64.000;62.000;39.625;35.188;20.312
2019-08-30 11:16:28;61.000;65.000;64.000;62.000;39.688;35.188;20.312
2019-08-30 11:16:44;61.000;65.000;64.000;62.000;39.750;35.188;20.312
2019-08-30 11:17:01;61.000;65.000;64.000;62.000;39.750;35.188;20.312
2019-08-30 11:17:17;61.000;65.000;64.000;62.000;39.812;35.188;20.375
2019-08-30 11:17:33;61.000;65.000;64.000;62.000;39.750;35.188;20.375
2019-08-30 11:17:50;61.000;65.000;64.000;62.000;39.750;35.188;20.438
2019-08-30 11:18:06;61.000;65.000;64.000;62.000;39.688;35.188;20.500
2019-08-30 11:18:23;61.000;65.000;64.000;62.000;39.688;35.188;20.500
2019-08-30 11:18:39;61.000;65.000;64.000;62.000;39.625;35.188;20.500
2019-08-30 11:18:55;61.000;65.000;64.000;62.000;39.500;35.188;20.562
2019-08-30 11:19:11;61.000;65.000;64.000;63.000;39.688;35.188;20.562
2019-08-30 11:19:28;61.000;65.000;64.000;62.000;39.625;35.188;20.625
2019-08-30 11:19:44;61.000;65.000;64.000;62.000;39.625;35.188;20.562
2019-08-30 11:20:00;61.000;65.000;64.000;63.000;39.625;35.188;20.500
2019-08-30 11:20:17;61.000;65.000;64.000;62.000;39.688;35.188;20.500
2019-08-30 11:20:33;61.000;65.000;64.000;62.000;39.750;35.125;20.500
2019-08-30 11:20:50;61.000;65.000;64.000;62.000;39.688;35.188;20.438
2019-08-30 11:21:06;61.000;65.000;64.000;62.000;39.562;35.188;20.438
2019-08-30 11:21:23;61.000;65.000;64.000;62.000;39.625;35.188;20.375
2019-08-30 11:21:40;61.000;65.000;64.000;62.000;39.688;35.188;20.562
2019-08-30 11:21:56;61.000;65.000;64.000;62.000;39.625;35.125;20.562
2019-08-30 11:22:12;61.000;65.000;64.000;62.000;39.562;35.188;20.562
2019-08-30 11:22:29;61.000;65.000;64.000;62.000;39.688;35.188;20.562
2019-08-30 11:22:45;61.000;65.000;64.000;62.000;39.500;35.125;20.500
2019-08-30 11:23:01;61.000;65.000;64.000;62.000;39.625;35.188;20.500
2019-08-30 11:23:17;61.000;65.000;64.000;62.000;39.562;35.188;20.500
2019-08-30 11:23:34;61.000;65.000;64.000;62.000;39.562;35.188;20.500
2019-08-30 11:23:50;61.000;65.000;64.000;62.000;39.625;35.188;20.500
2019-08-30 11:24:06;61.000;65.000;64.000;62.000;39.625;35.125;20.500
2019-08-30 11:24:23;61.000;65.000;64.000;62.000;39.688;35.188;20.500
2019-08-30 11:24:39;61.000;65.000;64.000;62.000;39.562;35.188;20.500
2019-08-30 11:24:56;61.000;65.000;64.000;62.000;39.625;35.188;20.438
2019-08-30 11:25:12;61.000;65.000;64.000;62.000;39.562;35.188;20.438
2019-08-30 11:25:28;61.000;65.000;64.000;62.000;39.562;35.188;20.375
2019-08-30 11:25:45;61.000;65.000;64.000;62.000;39.688;35.125;20.312
2019-08-30 11:26:01;61.000;65.000;64.000;62.000;39.562;35.125;20.250
2019-08-30 11:26:17;61.000;65.000;64.000;62.000;39.625;35.188;20.250
2019-08-30 11:26:34;61.000;65.000;64.000;62.000;39.562;35.125;20.250
2019-08-30 11:26:50;61.000;65.000;64.000;62.000;39.562;35.125;20.188
2019-08-30 11:27:07;61.000;65.000;64.000;62.000;39.625;35.188;20.188
2019-08-30 11:27:23;61.000;65.000;64.000;62.000;39.750;35.188;20.188
2019-08-30 11:27:39;61.000;65.000;64.000;62.000;39.812;35.125;20.188
2019-08-30 11:27:56;61.000;65.000;64.000;62.000;39.688;35.188;20.188
2019-08-30 11:28:12;61.000;65.000;64.000;62.000;39.625;35.125;20.125
2019-08-30 11:28:28;61.000;65.000;64.000;63.000;39.562;35.125;20.125
2019-08-30 11:28:44;61.000;65.000;64.000;63.000;39.625;35.188;20.125
2019-08-30 11:29:01;61.000;65.000;64.000;62.000;39.688;35.125;20.062
2019-08-30 11:29:17;61.000;65.000;64.000;62.000;39.688;35.125;20.062
2019-08-30 11:29:33;61.000;65.000;64.000;62.000;39.688;35.125;20.125
2019-08-30 11:29:50;61.000;65.000;64.000;62.000;39.625;35.125;20.125
2019-08-30 11:30:06;61.000;65.000;64.000;62.000;39.688;35.125;20.125
2019-08-30 11:30:22;61.000;65.000;64.000;62.000;39.562;35.125;20.125
2019-08-30 11:30:39;61.000;65.000;64.000;62.000;39.562;35.125;20.062
2019-08-30 11:30:55;61.000;65.000;64.000;62.000;39.500;35.125;20.062
2019-08-30 11:31:11;61.000;65.000;64.000;62.000;39.562;35.125;20.062
2019-08-30 11:31:28;61.000;65.000;64.000;62.000;39.562;35.125;20.062
2019-08-30 11:31:44;61.000;65.000;64.000;62.000;39.625;35.125;20.062
2019-08-30 11:32:00;61.000;65.000;64.000;62.000;39.688;35.125;20.062
2019-08-30 11:32:17;61.000;65.000;64.000;62.000;39.750;35.188;20.062
2019-08-30 11:32:33;61.000;64.000;64.000;62.000;39.750;35.125;20.062
2019-08-30 11:32:49;61.000;65.000;64.000;62.000;39.625;35.125;20.000
2019-08-30 11:33:06;61.000;65.000;64.000;62.000;39.625;35.125;20.000
2019-08-30 11:33:22;61.000;65.000;64.000;62.000;39.500;35.125;20.062
2019-08-30 11:33:38;61.000;65.000;64.000;62.000;39.562;35.125;20.000
2019-08-30 11:33:54;61.000;65.000;64.000;62.000;39.562;35.125;20.062
2019-08-30 11:34:11;61.000;65.000;64.000;62.000;39.625;35.125;20.062
2019-08-30 11:34:27;61.000;65.000;64.000;62.000;39.688;35.125;20.062
2019-08-30 11:34:43;61.000;65.000;64.000;62.000;39.750;35.062;20.062
2019-08-30 11:34:59;61.000;65.000;64.000;62.000;39.625;35.125;20.062
2019-08-30 11:35:16;61.000;65.000;64.000;62.000;39.625;35.125;20.062
2019-08-30 11:35:32;61.000;64.000;64.000;62.000;39.688;35.125;20.062
2019-08-30 11:35:49;61.000;64.000;64.000;62.000;39.750;35.125;20.062
2019-08-30 11:36:06;61.000;65.000;64.000;62.000;39.625;35.125;20.062
2019-08-30 11:36:22;61.000;64.000;64.000;62.000;39.562;35.125;20.000
2019-08-30 11:36:38;61.000;65.000;64.000;62.000;39.500;35.125;20.062
2019-08-30 11:36:55;61.000;65.000;64.000;62.000;39.562;35.062;20.062
2019-08-30 11:37:11;61.000;65.000;64.000;62.000;39.625;35.125;20.062
2019-08-30 11:37:28;61.000;65.000;64.000;62.000;39.500;35.125;20.062
2019-08-30 11:37:44;61.000;65.000;64.000;62.000;39.562;35.062;20.062
2019-08-30 11:38:00;61.000;64.000;64.000;62.000;39.688;35.125;20.062
2019-08-30 11:38:17;61.000;64.000;64.000;62.000;39.625;35.062;20.062
2019-08-30 11:38:33;61.000;65.000;64.000;62.000;39.625;35.062;20.000
2019-08-30 11:38:50;61.000;65.000;64.000;62.000;39.500;35.062;20.000
2019-08-30 11:39:06;61.000;65.000;64.000;62.000;39.438;35.062;20.000
2019-08-30 11:39:22;61.000;65.000;64.000;62.000;39.625;35.062;20.000
2019-08-30 11:39:39;61.000;65.000;64.000;62.000;39.562;35.125;20.062
2019-08-30 11:39:55;61.000;65.000;64.000;62.000;39.438;35.062;20.062
2019-08-30 11:40:11;61.000;65.000;64.000;62.000;39.438;35.062;20.062
2019-08-30 11:40:27;61.000;65.000;64.000;62.000;39.500;35.062;20.000
2019-08-30 11:40:44;61.000;65.000;64.000;62.000;39.562;35.062;20.000
2019-08-30 11:41:00;61.000;65.000;64.000;62.000;39.562;35.062;20.000
2019-08-30 11:41:17;61.000;64.000;64.000;62.000;39.562;35.062;20.000
2019-08-30 11:41:33;61.000;65.000;64.000;62.000;39.562;35.062;20.000
2019-08-30 11:41:50;61.000;65.000;64.000;62.000;39.688;35.062;20.062
2019-08-30 11:42:06;61.000;64.000;64.000;62.000;39.438;35.062;20.062
2019-08-30 11:42:22;61.000;64.000;64.000;62.000;39.562;35.062;20.062
2019-08-30 11:42:39;61.000;65.000;64.000;62.000;39.500;35.062;20.000
2019-08-30 11:42:55;61.000;64.000;64.000;62.000;39.438;35.062;20.062
2019-08-30 11:43:11;61.000;64.000;64.000;62.000;39.500;35.000;20.062
2019-08-30 11:43:28;61.000;64.000;64.000;62.000;39.438;35.062;20.062
2019-08-30 11:43:44;61.000;65.000;64.000;62.000;39.500;35.062;20.062
2019-08-30 11:44:01;61.000;65.000;64.000;62.000;39.438;35.062;20.062
2019-08-30 11:44:17;61.000;64.000;64.000;62.000;39.438;35.062;20.062
2019-08-30 11:44:33;61.000;64.000;64.000;62.000;39.500;35.000;20.062
2019-08-30 11:44:50;61.000;64.000;64.000;62.000;39.562;35.062;20.062
2019-08-30 11:45:06;61.000;64.000;64.000;62.000;39.500;35.062;20.062
2019-08-30 11:45:22;61.000;64.000;64.000;62.000;39.562;35.000;20.000
2019-08-30 11:45:39;61.000;65.000;64.000;62.000;39.562;35.000;20.000
2019-08-30 11:45:55;61.000;65.000;64.000;62.000;39.438;35.062;20.000
2019-08-30 11:46:12;61.000;65.000;64.000;62.000;39.375;35.000;20.000
2019-08-30 11:46:28;61.000;65.000;64.000;62.000;39.438;35.000;20.000
2019-08-30 11:46:44;61.000;65.000;64.000;62.000;39.500;35.000;20.000
2019-08-30 11:47:01;61.000;64.000;64.000;62.000;39.500;35.000;20.000
2019-08-30 11:47:17;61.000;65.000;64.000;62.000;39.438;35.000;20.000
2019-08-30 11:47:34;61.000;65.000;64.000;62.000;39.375;35.000;20.000
2019-08-30 11:47:50;61.000;65.000;64.000;62.000;39.438;35.000;20.000
2019-08-30 11:48:06;61.000;65.000;64.000;62.000;39.438;35.062;20.000
2019-08-30 11:48:22;61.000;65.000;64.000;62.000;39.500;35.000;20.000
2019-08-30 11:48:39;61.000;65.000;64.000;62.000;39.500;35.062;20.000
2019-08-30 11:48:55;61.000;65.000;64.000;62.000;39.562;35.000;20.000
2019-08-30 11:49:12;61.000;65.000;64.000;62.000;39.562;35.062;20.000
2019-08-30 11:49:28;61.000;64.000;64.000;62.000;39.562;35.000;20.000
2019-08-30 11:49:44;61.000;65.000;64.000;62.000;39.562;35.062;20.000
2019-08-30 11:50:01;61.000;65.000;64.000;62.000;39.625;35.000;20.062
2019-08-30 11:50:17;61.000;65.000;64.000;62.000;39.562;35.000;20.000
2019-08-30 11:50:33;61.000;65.000;64.000;62.000;39.500;35.000;20.000
2019-08-30 11:50:49;61.000;64.000;64.000;62.000;39.625;35.000;20.000
2019-08-30 11:51:06;61.000;64.000;64.000;62.000;39.625;35.000;20.000
2019-08-30 11:51:22;61.000;65.000;64.000;62.000;39.500;35.000;20.000
2019-08-30 11:51:38;61.000;65.000;64.000;62.000;39.375;35.000;20.000
2019-08-30 11:51:55;61.000;65.000;64.000;62.000;39.375;35.000;20.000
2019-08-30 11:52:11;61.000;65.000;64.000;62.000;39.375;35.000;20.000
2019-08-30 11:52:27;61.000;65.000;64.000;62.000;39.438;35.000;20.062
2019-08-30 11:52:44;61.000;65.000;64.000;62.000;39.375;35.000;20.000
2019-08-30 11:53:00;61.000;65.000;64.000;62.000;39.312;35.000;20.000
2019-08-30 11:53:17;61.000;65.000;64.000;62.000;39.438;35.000;20.000
2019-08-30 11:53:33;61.000;65.000;64.000;62.000;39.500;35.000;20.000
2019-08-30 11:53:49;61.000;65.000;64.000;62.000;39.562;35.000;19.938
2019-08-30 11:54:06;61.000;64.000;64.000;62.000;39.438;35.000;19.938
2019-08-30 11:54:22;61.000;64.000;64.000;62.000;39.562;35.000;19.938
2019-08-30 11:54:38;61.000;64.000;64.000;62.000;39.500;35.000;19.938
2019-08-30 11:54:55;61.000;64.000;64.000;62.000;39.438;35.000;20.000
2019-08-30 11:55:11;61.000;64.000;64.000;62.000;39.500;35.000;20.000
2019-08-30 11:55:27;61.000;64.000;64.000;62.000;39.438;35.000;20.000
2019-08-30 11:55:44;61.000;65.000;64.000;62.000;39.500;35.000;19.938
2019-08-30 11:56:00;61.000;65.000;64.000;62.000;39.500;35.000;19.938
2019-08-30 11:56:16;61.000;64.000;64.000;62.000;39.438;35.000;19.938
2019-08-30 11:56:33;61.000;65.000;64.000;62.000;39.438;35.000;19.938
2019-08-30 11:56:49;61.000;64.000;64.000;62.000;39.438;35.000;19.938
2019-08-30 11:57:06;61.000;64.000;64.000;62.000;39.312;35.000;20.000
2019-08-30 11:57:22;61.000;65.000;64.000;62.000;39.312;35.000;20.000
2019-08-30 11:57:38;61.000;65.000;64.000;62.000;39.375;35.000;20.000
2019-08-30 11:57:55;61.000;64.000;64.000;62.000;39.438;34.938;19.938
2019-08-30 11:58:11;61.000;64.000;64.000;62.000;39.562;35.000;20.000
2019-08-30 11:58:27;61.000;64.000;64.000;62.000;39.562;35.000;19.938
2019-08-30 11:58:44;61.000;64.000;64.000;62.000;39.562;35.000;19.938
2019-08-30 11:59:00;61.000;64.000;64.000;62.000;39.500;34.938;19.938
2019-08-30 11:59:17;61.000;64.000;64.000;62.000;39.562;35.000;19.938
2019-08-30 11:59:33;61.000;64.000;64.000;62.000;39.500;34.938;19.938
2019-08-30 11:59:50;61.000;64.000;64.000;62.000;39.562;35.000;19.938
2019-08-30 12:00:06;61.000;64.000;63.000;62.000;39.562;35.000;19.938
2019-08-30 12:00:22;61.000;65.000;63.000;62.000;39.500;34.938;19.938
2019-08-30 12:00:39;61.000;64.000;63.000;62.000;39.438;35.000;19.938
2019-08-30 12:00:55;61.000;64.000;63.000;62.000;39.438;35.000;19.875
2019-08-30 12:01:11;61.000;65.000;63.000;62.000;39.375;34.938;19.875
2019-08-30 12:01:27;61.000;65.000;63.000;62.000;39.500;34.938;19.938
2019-08-30 12:01:44;61.000;65.000;63.000;62.000;39.375;34.938;19.938
2019-08-30 12:02:00;61.000;65.000;63.000;62.000;39.312;35.000;19.938
2019-08-30 12:02:16;61.000;65.000;64.000;62.000;39.500;34.938;19.938
2019-08-30 12:02:33;61.000;65.000;63.000;62.000;39.438;34.938;19.938
2019-08-30 12:02:49;61.000;65.000;63.000;62.000;39.438;35.000;19.938
2019-08-30 12:03:06;61.000;64.000;63.000;62.000;39.438;34.938;19.938
2019-08-30 12:03:22;61.000;65.000;63.000;62.000;39.438;34.938;19.938
2019-08-30 12:03:38;61.000;65.000;63.000;62.000;39.375;34.938;19.938
2019-08-30 12:03:55;61.000;64.000;63.000;62.000;39.250;34.938;19.938
2019-08-30 12:04:11;61.000;65.000;63.000;62.000;39.250;34.938;19.938
2019-08-30 12:04:27;61.000;65.000;63.000;62.000;39.250;34.938;20.000
2019-08-30 12:04:44;61.000;65.000;63.000;62.000;39.312;34.938;20.000
2019-08-30 12:05:00;61.000;65.000;63.000;62.000;39.312;34.938;20.000
2019-08-30 12:05:16;61.000;65.000;63.000;62.000;39.375;34.938;20.000
2019-08-30 12:05:33;61.000;65.000;63.000;62.000;39.312;34.875;20.000
2019-08-30 12:05:49;61.000;65.000;63.000;62.000;39.375;34.938;20.000
2019-08-30 12:06:05;61.000;65.000;63.000;62.000;39.438;34.938;20.062
2019-08-30 12:06:22;61.000;65.000;63.000;62.000;39.312;34.938;20.000
2019-08-30 12:06:38;61.000;65.000;63.000;62.000;39.312;34.938;20.000
2019-08-30 12:06:54;61.000;65.000;63.000;62.000;39.250;34.875;20.062
2019-08-30 12:07:10;61.000;65.000;63.000;62.000;39.375;34.938;20.062
2019-08-30 12:07:27;61.000;65.000;63.000;62.000;39.250;34.875;20.062
2019-08-30 12:07:43;61.000;65.000;63.000;62.000;39.375;34.938;20.062
2019-08-30 12:07:59;61.000;65.000;63.000;62.000;39.375;34.938;20.000
2019-08-30 12:08:16;61.000;64.000;63.000;62.000;39.438;34.938;20.000
2019-08-30 12:08:32;61.000;64.000;63.000;62.000;39.375;34.875;20.000
2019-08-30 12:08:48;61.000;64.000;63.000;62.000;39.500;34.875;20.000
2019-08-30 12:09:05;61.000;65.000;63.000;62.000;39.375;34.875;20.000
2019-08-30 12:09:21;61.000;65.000;63.000;62.000;39.438;34.875;20.000
2019-08-30 12:09:38;61.000;65.000;63.000;62.000;39.438;34.875;20.000
2019-08-30 12:09:54;61.000;65.000;63.000;62.000;39.500;34.875;20.000
2019-08-30 12:10:10;61.000;65.000;63.000;62.000;39.500;34.875;20.000
2019-08-30 12:10:27;61.000;65.000;64.000;62.000;39.438;34.875;20.000
2019-08-30 12:10:43;61.000;65.000;63.000;62.000;39.250;34.875;20.062
2019-08-30 12:10:59;61.000;65.000;63.000;62.000;39.250;34.875;20.062
2019-08-30 12:11:16;61.000;65.000;63.000;62.000;39.375;34.875;20.000
2019-08-30 12:11:32;61.000;65.000;64.000;62.000;39.375;34.875;20.062
2019-08-30 12:11:48;61.000;65.000;64.000;62.000;39.312;34.875;20.000
2019-08-30 12:12:05;61.000;65.000;63.000;62.000;39.375;34.875;20.062
2019-08-30 12:12:21;61.000;65.000;63.000;62.000;39.312;34.875;20.000
2019-08-30 12:12:38;61.000;64.000;63.000;62.000;39.250;34.875;20.000
2019-08-30 12:12:54;61.000;64.000;63.000;62.000;39.375;34.875;20.062
2019-08-30 12:13:10;61.000;64.000;63.000;62.000;39.438;34.875;20.000
2019-08-30 12:13:27;61.000;64.000;63.000;62.000;39.312;34.875;20.000
2019-08-30 12:13:43;61.000;65.000;63.000;62.000;39.438;34.875;20.062
2019-08-30 12:14:00;61.000;65.000;63.000;62.000;39.375;34.875;20.062
2019-08-30 12:14:16;61.000;64.000;63.000;62.000;39.375;34.938;20.062
2019-08-30 12:14:33;61.000;64.000;64.000;62.000;39.438;34.875;20.062
2019-08-30 12:14:49;61.000;65.000;64.000;62.000;39.500;34.875;20.062
2019-08-30 12:15:05;61.000;65.000;64.000;62.000;39.375;34.875;20.062
2019-08-30 12:15:21;61.000;65.000;63.000;62.000;39.375;34.875;20.062
2019-08-30 12:15:38;61.000;64.000;63.000;62.000;39.438;34.875;20.062
2019-08-30 12:15:54;61.000;65.000;63.000;62.000;39.438;34.875;20.125
2019-08-30 12:16:10;61.000;64.000;63.000;62.000;39.500;34.875;20.125
2019-08-30 12:16:27;61.000;64.000;63.000;62.000;39.312;34.875;20.125
2019-08-30 12:16:43;61.000;64.000;64.000;62.000;39.375;34.875;20.125
2019-08-30 12:17:00;61.000;64.000;64.000;62.000;39.312;34.875;20.125
2019-08-30 12:17:16;61.000;65.000;64.000;62.000;39.375;34.875;20.125
2019-08-30 12:17:33;61.000;65.000;63.000;62.000;39.375;34.875;20.125
2019-08-30 12:17:49;61.000;65.000;64.000;62.000;39.375;34.812;20.125
2019-08-30 12:18:05;61.000;64.000;64.000;62.000;39.250;34.875;20.125
2019-08-30 12:18:22;61.000;64.000;63.000;62.000;39.312;34.875;20.125
2019-08-30 12:18:38;61.000;64.000;63.000;62.000;39.250;34.875;20.125
2019-08-30 12:18:55;61.000;64.000;64.000;62.000;39.250;34.875;20.188
2019-08-30 12:19:11;61.000;64.000;64.000;62.000;39.188;34.875;20.188
2019-08-30 12:19:27;61.000;64.000;64.000;62.000;39.125;34.875;20.188
2019-08-30 12:19:44;61.000;64.000;64.000;62.000;39.250;34.875;20.188
2019-08-30 12:20:00;61.000;64.000;64.000;62.000;39.312;34.812;20.188
2019-08-30 12:20:16;61.000;64.000;64.000;62.000;39.188;34.875;20.188
2019-08-30 12:20:33;61.000;64.000;64.000;62.000;39.250;34.875;20.188
2019-08-30 12:20:49;61.000;64.000;64.000;62.000;39.250;34.875;20.188
2019-08-30 12:21:05;61.000;64.000;64.000;62.000;39.312;34.875;20.188
2019-08-30 12:21:22;61.000;64.000;64.000;62.000;39.250;34.875;20.125
2019-08-30 12:21:38;61.000;64.000;64.000;62.000;39.312;34.812;20.188
2019-08-30 12:21:55;61.000;64.000;64.000;62.000;39.312;34.875;20.188
2019-08-30 12:22:11;61.000;64.000;64.000;62.000;39.312;34.875;20.125
2019-08-30 12:22:27;61.000;64.000;64.000;62.000;39.250;34.875;20.125
2019-08-30 12:22:44;61.000;64.000;64.000;62.000;39.375;34.875;20.125
2019-08-30 12:23:00;61.000;64.000;64.000;62.000;39.250;34.875;20.125
2019-08-30 12:23:16;61.000;64.000;64.000;62.000;39.188;34.875;20.125
2019-08-30 12:23:33;61.000;64.000;63.000;62.000;39.188;34.875;20.125
2019-08-30 12:23:49;61.000;64.000;64.000;62.000;39.188;34.875;20.125
2019-08-30 12:24:06;61.000;64.000;63.000;62.000;39.250;34.875;20.125
2019-08-30 12:24:22;61.000;64.000;63.000;62.000;39.188;34.875;20.188
2019-08-30 12:24:38;61.000;64.000;63.000;62.000;39.312;34.812;20.250
2019-08-30 12:24:55;61.000;64.000;63.000;62.000;39.250;34.875;20.312
2019-08-30 12:25:11;61.000;64.000;63.000;62.000;39.312;34.875;20.375
2019-08-30 12:25:28;61.000;64.000;64.000;62.000;39.250;34.875;20.375
2019-08-30 12:25:45;61.000;64.000;63.000;62.000;39.188;34.875;20.438
2019-08-30 12:26:01;61.000;64.000;64.000;62.000;39.312;34.875;20.438
2019-08-30 12:26:17;61.000;64.000;64.000;62.000;39.250;34.875;20.438
2019-08-30 12:26:34;61.000;64.000;64.000;62.000;39.250;34.875;20.500
2019-08-30 12:26:50;61.000;64.000;63.000;62.000;39.250;34.875;20.438
2019-08-30 12:27:06;61.000;64.000;64.000;62.000;39.250;34.875;20.375
2019-08-30 12:27:23;61.000;64.000;63.000;62.000;39.312;34.875;20.375
2019-08-30 12:27:39;61.000;64.000;63.000;62.000;39.188;34.875;20.312
2019-08-30 12:27:56;61.000;64.000;64.000;62.000;39.312;34.875;20.312
2019-08-30 12:28:12;61.000;64.000;64.000;62.000;39.312;34.875;20.250
2019-08-30 12:28:29;61.000;64.000;64.000;62.000;39.312;34.875;20.250
2019-08-30 12:28:45;61.000;64.000;63.000;62.000;39.375;34.875;20.188
2019-08-30 12:29:01;61.000;64.000;64.000;62.000;39.250;34.875;20.188
2019-08-30 12:29:17;61.000;64.000;63.000;62.000;39.250;34.875;20.188
2019-08-30 12:29:34;61.000;64.000;64.000;62.000;39.312;34.875;20.188
2019-08-30 12:29:50;61.000;65.000;63.000;62.000;39.375;34.812;20.188
2019-08-30 12:30:06;61.000;64.000;63.000;62.000;39.438;34.812;20.125
2019-08-30 12:30:23;61.000;64.000;63.000;62.000;39.375;34.875;20.125
2019-08-30 12:30:39;61.000;64.000;64.000;62.000;39.312;34.812;20.125
2019-08-30 12:30:56;61.000;65.000;64.000;62.000;39.312;34.812;20.125
2019-08-30 12:31:12;61.000;65.000;64.000;62.000;39.250;34.812;20.125
2019-08-30 12:31:29;61.000;65.000;64.000;62.000;39.312;34.875;20.125
2019-08-30 12:31:45;61.000;65.000;63.000;61.000;39.312;34.812;20.125
2019-08-30 12:32:02;61.000;65.000;63.000;61.000;39.375;34.812;20.062
2019-08-30 12:32:18;61.000;65.000;63.000;61.000;39.438;34.812;20.062
2019-08-30 12:32:35;61.000;65.000;63.000;62.000;39.375;34.875;20.062
2019-08-30 12:32:51;61.000;65.000;63.000;62.000;39.500;34.875;20.062
2019-08-30 12:33:07;61.000;65.000;63.000;62.000;39.375;34.812;20.062
2019-08-30 12:33:24;61.000;65.000;63.000;62.000;39.438;34.812;20.062
2019-08-30 12:33:40;61.000;64.000;63.000;62.000;39.438;34.875;20.062
2019-08-30 12:33:56;61.000;64.000;63.000;62.000;39.375;34.812;20.062
2019-08-30 12:34:13;61.000;64.000;63.000;62.000;39.312;34.812;20.000
2019-08-30 12:34:29;61.000;64.000;63.000;62.000;39.188;34.812;20.000
2019-08-30 12:34:45;61.000;65.000;63.000;62.000;39.375;34.812;20.062
2019-08-30 12:35:02;61.000;64.000;63.000;62.000;39.312;34.812;20.062
2019-08-30 12:35:18;61.000;65.000;63.000;62.000;39.188;34.875;20.062
2019-08-30 12:35:35;61.000;65.000;63.000;62.000;39.188;34.812;20.062
2019-08-30 12:35:51;61.000;64.000;63.000;62.000;39.188;34.812;20.000
2019-08-30 12:36:07;61.000;65.000;63.000;62.000;39.188;34.875;20.000
2019-08-30 12:36:24;61.000;64.000;63.000;62.000;39.125;34.812;20.062
2019-08-30 12:36:40;61.000;65.000;63.000;62.000;39.312;34.812;20.062
2019-08-30 12:36:57;61.000;65.000;63.000;62.000;39.250;34.875;20.062
2019-08-30 12:37:13;61.000;64.000;63.000;62.000;39.250;34.812;20.062
2019-08-30 12:37:29;61.000;65.000;63.000;62.000;39.250;34.812;20.062
2019-08-30 12:37:46;61.000;64.000;63.000;62.000;39.312;34.812;20.062
2019-08-30 12:38:02;61.000;64.000;63.000;62.000;39.312;34.812;20.062
2019-08-30 12:38:18;61.000;64.000;63.000;62.000;39.250;34.812;20.062
2019-08-30 12:38:35;61.000;64.000;63.000;62.000;39.188;34.875;20.062
2019-08-30 12:38:51;61.000;64.000;63.000;62.000;39.188;34.875;20.062
2019-08-30 12:39:07;61.000;64.000;63.000;61.000;39.125;34.812;20.188
2019-08-30 12:39:24;61.000;64.000;63.000;62.000;39.188;34.812;20.188
2019-08-30 12:39:40;60.000;64.000;63.000;62.000;39.312;34.812;20.250
2019-08-30 12:39:56;60.000;64.000;63.000;62.000;39.250;34.812;20.250
2019-08-30 12:40:13;60.000;64.000;63.000;62.000;39.312;34.812;20.312
2019-08-30 12:40:29;61.000;64.000;63.000;62.000;39.312;34.812;20.312
2019-08-30 12:40:45;61.000;64.000;63.000;62.000;39.250;34.812;20.312
2019-08-30 12:41:01;61.000;64.000;63.000;62.000;39.250;34.812;20.312
2019-08-30 12:41:17;61.000;64.000;63.000;62.000;39.312;34.812;20.312
2019-08-30 12:41:34;61.000;64.000;63.000;62.000;39.312;34.812;20.312
2019-08-30 12:41:50;61.000;64.000;63.000;62.000;39.250;34.812;20.312
2019-08-30 12:42:06;61.000;64.000;63.000;61.000;39.188;34.812;20.312
2019-08-30 12:42:23;61.000;64.000;63.000;61.000;39.250;34.812;20.375
2019-08-30 12:42:39;61.000;64.000;63.000;61.000;39.250;34.812;20.375
2019-08-30 12:42:55;61.000;64.000;63.000;62.000;39.250;34.750;20.375
2019-08-30 12:43:12;61.000;64.000;63.000;62.000;39.188;34.750;20.375
2019-08-30 12:43:28;61.000;64.000;63.000;62.000;39.438;34.812;20.375
2019-08-30 12:43:44;61.000;64.000;63.000;62.000;39.375;34.812;20.375
2019-08-30 12:44:01;60.000;64.000;63.000;62.000;39.375;34.812;20.375
2019-08-30 12:44:17;61.000;64.000;63.000;62.000;39.312;34.750;20.375
2019-08-30 12:44:33;61.000;64.000;63.000;62.000;39.188;34.750;20.375
2019-08-30 12:44:50;61.000;64.000;63.000;62.000;39.250;34.812;20.375
2019-08-30 12:45:06;61.000;64.000;63.000;62.000;39.250;34.750;20.375
2019-08-30 12:45:23;60.000;64.000;63.000;62.000;39.375;34.750;20.375
2019-08-30 12:45:39;60.000;64.000;63.000;62.000;39.312;34.750;20.375
2019-08-30 12:45:56;60.000;64.000;63.000;62.000;39.312;34.812;20.375
2019-08-30 12:46:12;61.000;64.000;63.000;62.000;39.312;34.750;20.312
2019-08-30 12:46:28;61.000;64.000;63.000;62.000;39.312;34.750;20.375
2019-08-30 12:46:45;61.000;64.000;63.000;62.000;39.312;34.812;20.375
2019-08-30 12:47:01;61.000;64.000;63.000;62.000;39.438;34.750;20.375
2019-08-30 12:47:17;61.000;64.000;63.000;61.000;39.375;34.812;20.375
2019-08-30 12:47:34;61.000;64.000;63.000;61.000;39.438;34.812;20.375
2019-08-30 12:47:50;61.000;64.000;62.000;61.000;39.438;34.750;20.375
2019-08-30 12:48:06;61.000;64.000;63.000;62.000;39.375;34.812;20.312
2019-08-30 12:48:23;61.000;64.000;63.000;62.000;39.250;34.812;20.312
2019-08-30 12:48:39;61.000;64.000;63.000;61.000;39.250;34.812;20.312
2019-08-30 12:48:56;61.000;64.000;63.000;61.000;39.250;34.750;20.375
2019-08-30 12:49:12;61.000;64.000;63.000;62.000;39.312;34.812;20.312
2019-08-30 12:49:28;61.000;64.000;63.000;62.000;39.375;34.750;20.375
2019-08-30 12:49:45;61.000;64.000;63.000;62.000;39.375;34.812;20.375
2019-08-30 12:50:01;61.000;64.000;63.000;62.000;39.312;34.750;20.375
2019-08-30 12:50:17;61.000;64.000;63.000;62.000;39.375;34.750;20.375
2019-08-30 12:50:34;61.000;64.000;63.000;61.000;39.375;34.812;20.375
2019-08-30 12:50:50;61.000;64.000;63.000;61.000;39.375;34.750;20.375
2019-08-30 12:51:06;61.000;64.000;64.000;62.000;39.438;34.750;20.375
2019-08-30 12:51:23;61.000;64.000;63.000;62.000;39.438;34.812;20.375
2019-08-30 12:51:39;61.000;64.000;63.000;62.000;39.438;34.812;20.312
2019-08-30 12:51:56;61.000;64.000;63.000;62.000;39.438;34.812;20.312
2019-08-30 12:52:12;61.000;64.000;63.000;62.000;39.375;34.812;20.312
2019-08-30 12:52:28;61.000;64.000;63.000;62.000;39.438;34.812;20.375
2019-08-30 12:52:45;61.000;64.000;63.000;62.000;39.438;34.812;20.375
2019-08-30 12:53:01;61.000;64.000;63.000;62.000;39.438;34.812;20.375
2019-08-30 12:53:18;61.000;64.000;63.000;62.000;39.375;34.812;20.375
2019-08-30 12:53:34;61.000;64.000;63.000;62.000;39.312;34.750;20.375
2019-08-30 12:53:51;61.000;64.000;63.000;62.000;39.375;34.750;20.375
2019-08-30 12:54:08;61.000;64.000;63.000;62.000;39.375;34.812;20.375
2019-08-30 12:54:24;61.000;64.000;63.000;62.000;39.312;34.812;20.375
2019-08-30 12:54:40;61.000;64.000;63.000;62.000;39.312;34.750;20.375
2019-08-30 12:54:56;61.000;64.000;63.000;62.000;39.312;34.812;20.375
2019-08-30 12:55:13;61.000;64.000;63.000;62.000;39.375;34.812;20.375
2019-08-30 12:55:29;61.000;64.000;63.000;62.000;39.312;34.812;20.375
2019-08-30 12:55:45;60.000;65.000;63.000;62.000;39.250;34.812;20.312
2019-08-30 12:56:02;60.000;64.000;63.000;62.000;39.125;34.812;20.312
2019-08-30 12:56:19;61.000;64.000;63.000;62.000;39.250;34.812;20.312
2019-08-30 12:56:35;60.000;64.000;63.000;62.000;39.312;34.812;20.312
2019-08-30 12:56:51;60.000;65.000;63.000;62.000;39.312;34.812;20.312
2019-08-30 12:57:08;61.000;64.000;63.000;62.000;39.312;34.812;20.312
2019-08-30 12:57:24;60.000;65.000;63.000;62.000;39.312;34.812;20.312
2019-08-30 12:57:40;60.000;65.000;63.000;62.000;39.312;34.750;20.312
2019-08-30 12:57:57;60.000;65.000;63.000;62.000;39.250;34.812;20.312
2019-08-30 12:58:13;60.000;65.000;63.000;62.000;39.312;34.812;20.312
2019-08-30 12:58:29;60.000;64.000;63.000;62.000;39.312;34.750;20.250
2019-08-30 12:58:46;60.000;65.000;63.000;62.000;39.250;34.812;20.312
2019-08-30 12:59:02;60.000;65.000;63.000;62.000;39.375;34.812;20.312
2019-08-30 12:59:19;60.000;65.000;63.000;62.000;39.312;34.812;20.312
2019-08-30 12:59:35;60.000;64.000;63.000;62.000;39.375;34.812;20.312
2019-08-30 12:59:51;60.000;64.000;63.000;62.000;39.438;34.812;20.312
2019-08-30 13:00:08;60.000;65.000;63.000;62.000;39.375;34.812;20.312
2019-08-30 13:00:24;61.000;65.000;63.000;62.000;39.375;34.750;20.312
2019-08-30 13:00:40;61.000;65.000;63.000;62.000;39.438;34.812;20.312
2019-08-30 13:00:56;61.000;65.000;63.000;62.000;39.375;34.812;20.312
2019-08-30 13:01:13;61.000;65.000;63.000;62.000;39.312;34.812;20.375
2019-08-30 13:01:29;61.000;65.000;63.000;62.000;39.250;34.812;20.375
2019-08-30 13:01:45;61.000;65.000;63.000;62.000;39.312;34.812;20.375
2019-08-30 13:02:02;61.000;65.000;63.000;62.000;39.250;34.812;20.375
2019-08-30 13:02:18;61.000;65.000;63.000;62.000;39.312;34.812;20.375
2019-08-30 13:02:35;60.000;65.000;63.000;62.000;39.312;34.812;20.375
2019-08-30 13:02:51;61.000;65.000;63.000;62.000;39.312;34.812;20.375
2019-08-30 13:03:07;61.000;65.000;63.000;62.000;39.250;34.812;20.375
2019-08-30 13:03:24;60.000;65.000;63.000;62.000;39.375;34.812;20.375
2019-08-30 13:03:40;61.000;65.000;63.000;62.000;39.312;34.812;20.375
2019-08-30 13:03:56;60.000;65.000;63.000;62.000;39.312;34.812;20.375
2019-08-30 13:04:13;60.000;65.000;63.000;62.000;39.438;34.812;20.375
2019-08-30 13:04:29;61.000;65.000;63.000;62.000;39.375;34.812;20.438
2019-08-30 13:04:46;60.000;65.000;63.000;62.000;39.438;34.812;20.438
2019-08-30 13:05:02;60.000;65.000;63.000;62.000;39.500;34.812;20.375
2019-08-30 13:05:18;60.000;65.000;63.000;62.000;39.312;34.812;20.375
2019-08-30 13:05:34;60.000;65.000;63.000;62.000;39.188;34.812;20.375
2019-08-30 13:05:51;61.000;65.000;63.000;62.000;39.312;34.750;20.438
2019-08-30 13:06:07;61.000;65.000;63.000;62.000;39.438;34.812;20.438
2019-08-30 13:06:24;61.000;64.000;63.000;62.000;39.312;34.812;20.438
2019-08-30 13:06:40;61.000;64.000;63.000;62.000;39.375;34.812;20.438
2019-08-30 13:06:56;61.000;65.000;63.000;62.000;39.188;34.812;20.438
2019-08-30 13:07:13;61.000;65.000;63.000;62.000;39.250;34.812;20.438
2019-08-30 13:07:30;60.000;65.000;63.000;62.000;39.375;34.812;20.438
2019-08-30 13:07:46;60.000;65.000;63.000;62.000;39.438;34.812;20.438
2019-08-30 13:08:02;61.000;65.000;63.000;62.000;39.312;34.812;20.438
2019-08-30 13:08:18;60.000;65.000;63.000;62.000;39.312;34.812;20.438
2019-08-30 13:08:35;60.000;65.000;63.000;62.000;39.375;34.812;20.438
2019-08-30 13:08:51;60.000;65.000;63.000;62.000;39.375;34.812;20.438
2019-08-30 13:09:07;60.000;65.000;63.000;62.000;39.438;34.812;20.438
2019-08-30 13:09:24;60.000;65.000;63.000;62.000;39.438;34.812;20.438
2019-08-30 13:09:40;60.000;64.000;63.000;62.000;39.438;34.812;20.438
2019-08-30 13:09:57;60.000;65.000;63.000;62.000;39.375;34.812;20.438
2019-08-30 13:10:13;60.000;65.000;63.000;62.000;39.312;34.812;20.438
2019-08-30 13:10:29;60.000;65.000;63.000;62.000;39.375;34.812;20.438
2019-08-30 13:10:46;60.000;65.000;63.000;62.000;39.375;34.812;20.438
2019-08-30 13:11:03;60.000;65.000;63.000;62.000;39.375;34.812;20.438
2019-08-30 13:11:19;60.000;65.000;63.000;62.000;39.312;34.812;20.438
2019-08-30 13:11:35;60.000;65.000;63.000;62.000;39.375;34.812;20.438
2019-08-30 13:11:52;60.000;65.000;63.000;62.000;39.375;34.812;20.375
2019-08-30 13:12:08;60.000;64.000;63.000;62.000;39.312;34.812;20.375
2019-08-30 13:12:24;60.000;65.000;63.000;62.000;39.250;34.812;20.375
2019-08-30 13:12:41;60.000;65.000;63.000;62.000;39.250;34.812;20.375
2019-08-30 13:12:57;60.000;65.000;63.000;62.000;39.250;34.812;20.438
2019-08-30 13:13:13;61.000;65.000;63.000;62.000;39.312;34.812;20.438
2019-08-30 13:13:30;61.000;65.000;63.000;62.000;39.375;34.812;20.438
2019-08-30 13:13:46;60.000;65.000;63.000;62.000;39.312;34.812;20.438
2019-08-30 13:14:02;61.000;65.000;63.000;62.000;39.312;34.812;20.438
2019-08-30 13:14:18;61.000;65.000;63.000;62.000;39.188;34.875;20.438
2019-08-30 13:14:35;61.000;65.000;64.000;62.000;39.188;34.875;20.375
2019-08-30 13:14:51;61.000;65.000;64.000;62.000;39.250;34.812;20.438
2019-08-30 13:15:07;61.000;65.000;64.000;62.000;39.250;34.812;20.375
2019-08-30 13:15:24;60.000;64.000;63.000;62.000;39.375;34.812;20.438
2019-08-30 13:15:40;60.000;64.000;64.000;62.000;39.375;34.812;20.375
2019-08-30 13:15:56;60.000;64.000;64.000;62.000;39.375;34.812;20.375
2019-08-30 13:16:13;60.000;64.000;64.000;62.000;39.312;34.875;20.438
2019-08-30 13:16:29;60.000;64.000;64.000;62.000;39.312;34.812;20.375
2019-08-30 13:16:46;60.000;64.000;64.000;62.000;39.375;34.812;20.375
2019-08-30 13:17:02;61.000;64.000;64.000;62.000;39.375;34.812;20.375
2019-08-30 13:17:18;60.000;65.000;64.000;62.000;39.438;34.812;20.375
2019-08-30 13:17:35;61.000;65.000;64.000;61.000;39.312;34.812;20.375
2019-08-30 13:17:52;61.000;65.000;64.000;62.000;39.375;34.875;20.375
2019-08-30 13:18:08;61.000;65.000;64.000;62.000;39.312;34.812;20.375
2019-08-30 13:18:25;61.000;65.000;64.000;62.000;39.312;34.812;20.375
2019-08-30 13:18:41;61.000;65.000;63.000;62.000;39.312;34.812;20.375
2019-08-30 13:18:58;61.000;65.000;64.000;62.000;39.375;34.812;20.375
2019-08-30 13:19:14;61.000;64.000;63.000;62.000;39.375;34.812;20.312
2019-08-30 13:19:30;61.000;65.000;63.000;62.000;39.500;34.812;20.375
2019-08-30 13:19:47;61.000;65.000;63.000;62.000;39.500;34.812;20.375
2019-08-30 13:20:03;61.000;64.000;63.000;62.000;39.500;34.812;20.375
2019-08-30 13:20:20;61.000;65.000;63.000;62.000;39.438;34.812;20.375
2019-08-30 13:20:36;61.000;64.000;63.000;62.000;39.438;34.875;20.375
2019-08-30 13:20:52;61.000;65.000;63.000;62.000;39.375;34.812;20.375
2019-08-30 13:21:09;61.000;65.000;63.000;62.000;39.375;34.875;20.375
2019-08-30 13:21:25;61.000;65.000;63.000;62.000;39.438;34.875;20.375
2019-08-30 13:21:42;61.000;64.000;63.000;62.000;39.438;34.812;20.375
2019-08-30 13:21:58;61.000;64.000;63.000;62.000;39.375;34.875;20.375
2019-08-30 13:22:14;61.000;65.000;63.000;62.000;39.312;34.812;20.312
2019-08-30 13:22:30;61.000;64.000;63.000;62.000;39.375;34.812;20.375
2019-08-30 13:22:47;61.000;64.000;63.000;62.000;39.375;34.875;20.312
2019-08-30 13:23:03;61.000;64.000;63.000;62.000;39.312;34.812;20.312
2019-08-30 13:23:20;61.000;64.000;63.000;62.000;39.312;34.812;20.312
2019-08-30 13:23:36;61.000;64.000;63.000;62.000;39.375;34.812;20.312
2019-08-30 13:23:52;61.000;64.000;63.000;62.000;39.375;34.812;20.312
2019-08-30 13:24:09;61.000;64.000;63.000;62.000;39.312;34.812;20.250
2019-08-30 13:24:25;61.000;64.000;63.000;62.000;39.250;34.875;20.250
2019-08-30 13:24:42;61.000;64.000;63.000;62.000;39.312;34.812;20.250
2019-08-30 13:24:58;61.000;65.000;63.000;62.000;39.375;34.875;20.250
2019-08-30 13:25:14;60.000;64.000;63.000;62.000;39.375;34.812;20.250
2019-08-30 13:25:31;60.000;64.000;63.000;62.000;39.375;34.812;20.250
2019-08-30 13:25:47;61.000;64.000;64.000;62.000;39.375;34.875;20.250
2019-08-30 13:26:03;61.000;64.000;63.000;62.000;39.438;34.812;20.188
2019-08-30 13:26:20;61.000;64.000;63.000;62.000;39.500;34.875;20.188
2019-08-30 13:26:37;61.000;65.000;63.000;62.000;39.562;34.875;20.188
2019-08-30 13:26:53;60.000;64.000;63.000;62.000;39.500;34.812;20.250
2019-08-30 13:27:09;60.000;64.000;63.000;62.000;39.562;34.812;20.250
2019-08-30 13:27:26;61.000;64.000;63.000;62.000;39.438;34.875;20.250
2019-08-30 13:27:42;61.000;64.000;63.000;62.000;39.375;34.875;20.250
2019-08-30 13:27:58;61.000;64.000;63.000;62.000;39.375;34.812;20.250
2019-08-30 13:28:15;60.000;64.000;63.000;62.000;39.375;34.812;20.250
2019-08-30 13:28:31;60.000;64.000;63.000;62.000;39.250;34.812;20.250
2019-08-30 13:28:47;60.000;64.000;63.000;62.000;39.312;34.875;20.250
2019-08-30 13:29:03;60.000;64.000;63.000;62.000;39.250;34.812;20.250
2019-08-30 13:29:19;61.000;64.000;63.000;62.000;39.312;34.812;20.188
2019-08-30 13:29:36;61.000;64.000;63.000;62.000;39.375;34.812;20.188
2019-08-30 13:29:52;60.000;64.000;63.000;62.000;39.312;34.812;20.188
2019-08-30 13:30:09;60.000;64.000;63.000;62.000;39.375;34.812;20.188
2019-08-30 13:30:25;60.000;64.000;63.000;62.000;39.312;34.812;20.188
2019-08-30 13:30:41;60.000;64.000;63.000;62.000;39.375;34.812;20.188
2019-08-30 13:30:58;60.000;64.000;63.000;62.000;39.312;34.812;20.188
2019-08-30 13:31:14;61.000;64.000;63.000;62.000;39.312;34.812;20.188
2019-08-30 13:31:31;61.000;64.000;63.000;62.000;39.375;34.875;20.188
2019-08-30 13:31:47;60.000;64.000;63.000;62.000;39.375;34.812;20.188
2019-08-30 13:32:04;61.000;64.000;63.000;62.000;39.438;34.812;20.188
2019-08-30 13:32:20;60.000;64.000;63.000;62.000;39.375;34.812;20.250
2019-08-30 13:32:37;61.000;64.000;63.000;62.000;39.250;34.812;20.188
2019-08-30 13:32:53;61.000;64.000;63.000;62.000;39.312;34.812;20.188
2019-08-30 13:33:10;60.000;64.000;63.000;62.000;39.375;34.812;20.188
2019-08-30 13:33:26;60.000;64.000;63.000;62.000;39.375;34.812;20.188
2019-08-30 13:33:42;61.000;65.000;63.000;62.000;39.438;34.812;20.188
2019-08-30 13:33:59;60.000;65.000;63.000;62.000;39.312;34.812;20.188
2019-08-30 13:34:16;61.000;64.000;63.000;62.000;39.312;34.812;20.188
2019-08-30 13:34:32;60.000;64.000;63.000;62.000;39.375;34.812;20.188
2019-08-30 13:34:48;60.000;65.000;63.000;62.000;39.375;34.812;20.188
2019-08-30 13:35:05;60.000;64.000;63.000;62.000;39.375;34.812;20.188
2019-08-30 13:35:21;61.000;65.000;63.000;62.000;39.375;34.812;20.188
2019-08-30 13:35:37;60.000;64.000;63.000;62.000;39.312;34.812;20.188
2019-08-30 13:35:54;61.000;64.000;63.000;62.000;39.312;34.812;20.188
2019-08-30 13:36:10;61.000;64.000;63.000;62.000;39.312;34.812;20.188
2019-08-30 13:36:27;61.000;64.000;63.000;62.000;39.375;34.812;20.188
2019-08-30 13:36:43;61.000;64.000;63.000;62.000;39.375;34.812;20.250
2019-08-30 13:36:59;61.000;64.000;63.000;62.000;39.375;34.812;20.250
2019-08-30 13:37:16;61.000;64.000;63.000;62.000;39.375;34.812;20.250
2019-08-30 13:37:32;61.000;64.000;63.000;62.000;39.375;34.812;20.250
2019-08-30 13:37:49;61.000;64.000;63.000;62.000;39.438;34.812;20.250
2019-08-30 13:38:05;61.000;64.000;63.000;62.000;39.500;34.812;20.188
2019-08-30 13:38:21;61.000;64.000;63.000;62.000;39.438;34.812;20.188
2019-08-30 13:38:38;61.000;64.000;63.000;62.000;39.438;34.812;20.188
2019-08-30 13:38:54;61.000;64.000;63.000;62.000;39.438;34.812;20.188
2019-08-30 13:39:10;61.000;65.000;63.000;62.000;39.438;34.812;20.188
2019-08-30 13:39:27;61.000;64.000;63.000;62.000;39.375;34.812;20.188
2019-08-30 13:39:43;60.000;65.000;63.000;62.000;39.375;34.812;20.125
2019-08-30 13:39:59;60.000;64.000;63.000;62.000;39.312;34.812;20.125
2019-08-30 13:40:16;61.000;65.000;63.000;62.000;39.312;34.812;20.188
2019-08-30 13:40:32;60.000;65.000;63.000;62.000;39.312;34.812;20.188
2019-08-30 13:40:48;61.000;64.000;63.000;62.000;39.438;34.812;20.188
2019-08-30 13:41:05;61.000;64.000;63.000;62.000;39.500;34.812;20.188
2019-08-30 13:41:21;61.000;64.000;63.000;62.000;39.375;34.812;20.188
2019-08-30 13:41:37;61.000;64.000;63.000;62.000;39.375;34.812;20.188
2019-08-30 13:41:54;60.000;64.000;63.000;62.000;39.375;34.812;20.125
2019-08-30 13:42:10;60.000;64.000;63.000;62.000;39.250;34.812;20.188
2019-08-30 13:42:27;61.000;64.000;63.000;62.000;39.375;34.812;20.188
2019-08-30 13:42:43;61.000;64.000;63.000;62.000;39.375;34.812;20.188
2019-08-30 13:43:00;61.000;64.000;63.000;62.000;39.312;34.812;20.250
2019-08-30 13:43:16;61.000;64.000;64.000;62.000;39.312;34.812;20.250
2019-08-30 13:43:33;61.000;64.000;63.000;62.000;39.375;34.812;20.188
2019-08-30 13:43:49;61.000;64.000;63.000;62.000;39.250;34.812;20.188
2019-08-30 13:44:06;60.000;64.000;63.000;62.000;39.312;34.812;20.188
2019-08-30 13:44:22;60.000;64.000;63.000;62.000;39.438;34.812;20.188
2019-08-30 13:44:38;61.000;64.000;63.000;62.000;39.312;34.812;20.188
2019-08-30 13:44:55;61.000;64.000;63.000;62.000;39.250;34.812;20.188
2019-08-30 13:45:11;61.000;65.000;64.000;62.000;39.250;34.812;20.188
2019-08-30 13:45:27;61.000;64.000;64.000;62.000;39.312;34.750;20.188
2019-08-30 13:45:44;61.000;64.000;64.000;62.000;39.312;34.812;20.188
2019-08-30 13:46:00;61.000;65.000;63.000;62.000;39.375;34.812;20.188
2019-08-30 13:46:16;61.000;65.000;63.000;62.000;39.500;34.812;20.188
2019-08-30 13:46:33;61.000;65.000;64.000;62.000;39.375;34.750;20.188
2019-08-30 13:46:49;61.000;64.000;64.000;62.000;39.312;34.812;20.188
2019-08-30 13:47:06;61.000;64.000;64.000;62.000;39.375;34.812;20.125
2019-08-30 13:47:22;61.000;65.000;64.000;62.000;39.312;34.812;20.125
2019-08-30 13:47:38;61.000;65.000;64.000;62.000;39.375;34.750;20.188
2019-08-30 13:47:54;61.000;64.000;64.000;62.000;39.312;34.750;20.188
2019-08-30 13:48:11;60.000;64.000;64.000;62.000;39.312;34.750;20.188
2019-08-30 13:48:27;61.000;64.000;64.000;62.000;39.375;34.750;20.188
2019-08-30 13:48:44;61.000;65.000;64.000;62.000;39.250;34.812;20.188
2019-08-30 13:49:00;61.000;65.000;64.000;62.000;39.312;34.812;20.188
2019-08-30 13:49:16;61.000;65.000;64.000;62.000;39.312;34.812;20.188
2019-08-30 13:49:33;61.000;64.000;64.000;62.000;39.312;34.750;20.188
2019-08-30 13:49:50;61.000;64.000;63.000;62.000;39.375;34.750;20.125
2019-08-30 13:50:06;61.000;64.000;63.000;62.000;39.438;34.812;20.125
2019-08-30 13:50:22;61.000;64.000;63.000;62.000;39.500;34.750;20.188
2019-08-30 13:50:39;61.000;64.000;63.000;62.000;39.312;34.812;20.188
2019-08-30 13:50:55;61.000;64.000;63.000;62.000;39.312;34.750;20.125
2019-08-30 13:51:11;61.000;64.000;64.000;62.000;39.312;34.750;20.125
2019-08-30 13:51:27;61.000;64.000;63.000;62.000;39.312;34.750;20.125
2019-08-30 13:51:44;61.000;64.000;63.000;62.000;39.188;34.812;20.125
2019-08-30 13:52:00;61.000;64.000;63.000;62.000;39.188;34.750;20.125
2019-08-30 13:52:17;61.000;64.000;64.000;62.000;39.250;34.750;20.125
2019-08-30 13:52:33;61.000;64.000;64.000;62.000;39.188;34.812;20.125
2019-08-30 13:52:49;61.000;64.000;63.000;62.000;39.250;34.750;20.125
2019-08-30 13:53:05;61.000;64.000;63.000;61.000;39.312;34.750;20.125
2019-08-30 13:53:22;61.000;65.000;64.000;62.000;39.312;34.750;20.125
2019-08-30 13:53:38;61.000;65.000;63.000;61.000;39.250;34.750;20.188
2019-08-30 13:53:54;61.000;65.000;63.000;61.000;39.312;34.812;20.188
2019-08-30 13:54:11;61.000;65.000;63.000;62.000;39.250;34.750;20.188
2019-08-30 13:54:27;61.000;64.000;63.000;61.000;39.188;34.812;20.188
2019-08-30 13:54:43;61.000;64.000;63.000;62.000;39.188;34.750;20.188
2019-08-30 13:55:00;61.000;64.000;64.000;62.000;39.250;34.750;20.188
2019-08-30 13:55:17;61.000;64.000;64.000;62.000;39.312;34.812;20.188
2019-08-30 13:55:33;61.000;64.000;63.000;62.000;39.250;34.812;20.125
2019-08-30 13:55:49;61.000;64.000;63.000;62.000;39.250;34.750;20.125
2019-08-30 13:56:05;61.000;64.000;63.000;62.000;39.375;34.750;20.125
2019-08-30 13:56:22;61.000;64.000;63.000;62.000;39.375;34.750;20.125
2019-08-30 13:56:38;61.000;64.000;63.000;61.000;39.312;34.812;20.188
2019-08-30 13:56:54;61.000;64.000;64.000;62.000;39.375;34.812;20.188
2019-08-30 13:57:11;61.000;64.000;63.000;62.000;39.375;34.812;20.188
2019-08-30 13:57:27;61.000;64.000;63.000;62.000;39.250;34.750;20.188
2019-08-30 13:57:43;61.000;64.000;64.000;62.000;39.250;34.750;20.188
2019-08-30 13:58:00;61.000;64.000;63.000;61.000;39.188;34.750;20.188
2019-08-30 13:58:16;61.000;64.000;64.000;62.000;39.188;34.812;20.188
2019-08-30 13:58:33;61.000;64.000;63.000;61.000;39.250;34.750;20.188
2019-08-30 13:58:49;61.000;65.000;63.000;61.000;39.250;34.812;20.188
2019-08-30 13:59:06;61.000;65.000;64.000;61.000;39.250;34.750;20.188
